Tp_av Tpmin Tpmax T_s10 T_s20 vappd wind sundu radia prec tagesnummer RF
C_deg C_deg C_deg C_deg C_deg mm_Hg m/se hours J/cm² mm jday %
50 ----- ----- ----- ----- ----- 02 m ----- ------ -- - -
-000.6 -01.5 001.0 000.0 000.0 000.0 006.7 000.0 0052.0 000.0 001 090
0002.8 000.0 006.0 000.0 000.0 000.0 012.8 000.0 0052.0 000.0 002 085
0007.0 006.0 008.0 000.0 000.0 000.0 011.4 000.0 0163.0 000.0 003 077
0005.7 004.0 008.0 000.0 000.0 000.0 008.6 000.0 0052.0 000.0 004 070
0005.6 004.0 007.0 000.0 000.0 000.0 007.8 000.0 0052.0 001.0 005 076
0004.0 003.5 005.0 000.0 000.0 000.0 001.1 000.0 0052.0 001.0 006 085
0004.7 003.0 008.0 000.0 000.0 000.0 007.2 000.0 0069.0 000.0 007 079
0003.9 000.2 007.0 000.0 000.0 000.0 003.1 000.0 0075.0 001.0 008 067
0005.7 002.5 009.0 000.0 000.0 000.0 006.1 000.0 0052.0 001.0 009 071
-000.1 -03.5 002.0 000.0 000.0 000.0 004.2 000.0 0479.0 000.0 010 071
-003.2 -07.0 001.0 000.0 000.0 000.0 000.0 000.0 0377.0 000.0 011 074
0001.0 -03.0 003.5 000.0 000.0 000.0 007.8 000.0 0194.0 000.0 012 077
-001.0 -01.5 000.0 000.0 000.0 000.0 002.5 000.0 0072.0 001.0 013 079
0003.6 000.0 006.0 000.0 000.0 000.0 008.3 000.0 0072.0 000.0 014 078
0005.7 005.0 006.0 000.0 000.0 000.0 008.6 000.0 0072.0 000.0 015 070
0004.6 003.0 006.0 000.0 000.0 000.0 008.3 000.0 0072.0 001.0 016 069
0002.8 -01.0 004.0 000.0 000.0 000.0 007.8 000.0 0536.0 000.0 017 059
0002.8 -01.0 006.0 000.0 000.0 000.0 006.1 000.0 0072.0 003.0 018 076
0004.4 000.0 006.0 000.0 000.0 000.0 006.1 000.0 0072.0 012.0 019 078
-000.4 -05.0 004.5 000.0 000.0 000.0 007.8 000.0 0103.0 000.0 020 081
-006.2 -09.0 -03.0 000.0 000.0 000.0 000.0 000.0 0260.0 000.0 021 073
-007.5 -10.5 -04.0 000.0 000.0 000.0 002.2 000.0 0579.0 000.0 022 071
-008.2 -13.0 -04.0 000.0 000.0 000.0 003.6 000.0 0368.0 000.0 023 068
-006.9 -09.0 -04.0 000.0 000.0 000.0 002.2 000.0 0354.0 000.0 024 070
-007.5 -09.0 -06.5 000.0 000.0 000.0 000.0 000.0 0079.0 000.0 025 079
-004.3 -07.0 -02.0 000.0 000.0 000.0 001.1 000.0 0079.0 000.0 026 079
0000.0 -01.5 001.0 000.0 000.0 000.0 001.4 000.0 0079.0 000.0 027 080
-001.2 -02.5 000.0 000.0 000.0 000.0 002.5 000.0 0079.0 000.0 028 079
-000.3 -01.0 000.5 000.0 000.0 000.0 002.2 000.0 0079.0 000.0 029 079
-000.1 -01.5 001.0 000.0 000.0 000.0 001.1 000.0 0224.0 000.0 030 077
-002.1 -02.5 -01.5 000.0 000.0 000.0 001.1 000.0 0079.0 000.0 031 078
-001.5 -02.0 -01.0 000.0 000.0 000.0 002.5 000.0 0086.0 000.0 032 078
-001.3 -02.0 -00.5 000.0 000.0 000.0 005.0 000.0 0086.0 001.0 033 078
0001.2 -01.0 004.0 000.0 000.0 000.0 006.7 000.0 0178.0 006.0 034 074
0001.9 000.0 003.0 000.0 000.0 000.0 009.2 000.0 0514.0 000.0 035 068
0001.3 000.0 002.5 000.0 000.0 000.0 008.6 000.0 0086.0 001.0 036 075
0002.1 -01.0 006.0 000.0 000.0 000.0 001.4 000.0 0086.0 001.0 037 078
0006.3 006.0 007.5 000.0 000.0 000.0 008.6 000.0 0254.0 000.0 038 070
0003.7 000.0 006.0 000.0 000.0 000.0 004.2 000.0 0086.0 000.0 039 072
0001.9 -02.0 008.0 000.0 000.0 000.0 003.6 000.0 0397.0 000.0 040 077
0003.4 001.0 006.5 000.0 000.0 000.0 003.1 000.0 0271.0 001.0 041 075
0002.5 001.0 004.0 000.0 000.0 000.0 004.7 000.0 0092.0 004.0 042 079
0004.4 003.0 006.0 000.0 000.0 000.0 001.1 000.0 0168.0 000.0 043 077
0006.6 004.5 009.0 000.0 000.0 000.0 003.6 000.0 0092.0 002.0 044 076
0002.8 001.0 005.0 000.0 000.0 000.0 005.8 000.0 0340.0 003.0 045 075
0004.0 001.0 007.0 000.0 000.0 000.0 006.1 000.0 0092.0 001.0 046 073
0001.4 -01.0 003.5 000.0 000.0 000.0 009.2 000.0 0140.0 002.0 047 070
-001.8 -04.5 000.0 000.0 000.0 000.0 004.7 000.0 0474.0 001.0 048 073
-003.1 -06.0 -01.0 000.0 000.0 000.0 003.1 000.0 0531.0 000.0 049 069
-000.7 -03.0 000.5 000.0 000.0 000.0 005.8 000.0 0092.0 001.0 050 072
-001.2 -04.0 001.5 000.0 000.0 000.0 003.6 000.0 0216.0 000.0 051 078
0001.3 000.0 002.5 000.0 000.0 000.0 006.1 000.0 0164.0 000.0 052 080
0003.1 001.0 004.5 000.0 000.0 000.0 004.7 000.0 0245.0 002.0 053 072
0004.8 002.5 008.0 000.0 000.0 000.0 010.8 000.0 0350.0 000.0 054 070
0003.5 001.5 006.5 000.0 000.0 000.0 004.7 000.0 0734.0 000.0 055 072
0003.7 001.0 007.0 000.0 000.0 000.0 000.0 000.0 0164.0 000.0 056 074
0002.5 -02.0 007.5 000.0 000.0 000.0 001.4 000.0 0397.0 000.0 057 073
0004.3 001.0 009.0 000.0 000.0 000.0 003.1 000.0 0664.0 000.0 058 074
0001.1 -04.0 006.0 000.0 000.0 000.0 001.1 000.0 0699.0 000.0 059 079
0006.8 003.0 012.0 000.0 000.0 000.0 004.2 000.0 0408.0 000.0 060 068
0008.0 004.0 014.0 000.0 000.0 000.0 003.1 000.0 1375.0 000.0 061 068
0006.9 005.0 013.0 000.0 000.0 000.0 003.1 000.0 0812.0 001.0 062 061
0005.5 004.0 007.0 000.0 000.0 000.0 011.7 000.0 0290.0 000.0 063 070
0006.9 004.0 011.0 000.0 000.0 000.0 005.0 000.0 1265.0 000.0 064 061
0007.5 004.0 013.0 000.0 000.0 000.0 001.4 000.0 2185.0 000.0 065 068
0005.0 001.5 010.0 000.0 000.0 000.0 003.6 000.0 0345.0 001.0 066 072
0006.0 005.5 007.0 000.0 000.0 000.0 003.1 000.0 0235.0 000.0 067 077
0005.7 000.0 011.0 000.0 000.0 000.0 003.1 000.0 1279.0 000.0 068 057
0004.5 -00.5 011.5 000.0 000.0 000.0 004.2 000.0 1320.0 000.0 069 055
0004.7 -02.5 012.5 000.0 000.0 000.0 002.2 000.0 1348.0 000.0 070 053
0004.0 001.0 006.5 000.0 000.0 000.0 005.8 000.0 0766.0 002.0 071 065
0003.1 -00.5 006.0 000.0 000.0 000.0 005.8 000.0 0323.0 014.0 072 075
0002.8 000.0 006.0 000.0 000.0 000.0 007.8 000.0 0323.0 003.0 073 074
0001.1 -00.5 003.0 000.0 000.0 000.0 009.7 000.0 1494.0 001.0 074 050
0000.4 -02.5 002.0 000.0 000.0 000.0 002.5 000.0 0703.0 002.0 075 071
0002.5 -01.0 006.0 000.0 000.0 000.0 007.2 000.0 1352.0 000.0 076 055
0002.3 -02.0 005.0 000.0 000.0 000.0 002.5 000.0 0434.0 000.0 077 070
0006.8 003.5 011.0 000.0 000.0 000.0 003.1 000.0 1067.0 000.0 078 071
0004.7 -01.0 011.5 000.0 000.0 000.0 004.7 000.0 1020.0 001.0 079 071
0006.1 004.0 008.0 000.0 000.0 000.0 003.1 000.0 0307.0 012.0 080 074
0008.3 004.5 011.0 000.0 000.0 000.0 002.5 000.0 0396.0 006.0 081 075
0005.5 004.0 008.0 000.0 000.0 000.0 008.6 000.0 0694.0 005.0 082 066
0003.7 000.1 007.3 000.0 000.0 000.0 000.9 000.0 0094.1 001.0 083 086
0002.7 -01.5 006.2 000.0 000.0 000.0 003.3 000.0 0698.2 000.0 084 090
0002.1 000.3 002.8 000.0 000.0 000.0 004.1 000.0 0165.7 006.3 085 095
0003.5 001.1 006.7 000.0 000.0 000.0 003.2 000.0 0750.0 000.2 086 084
0002.5 001.5 004.5 000.0 000.0 000.0 002.8 000.0 0619.5 001.4 087 092
0001.9 000.5 003.7 000.0 000.0 000.0 004.9 000.0 0776.0 003.2 088 092
0001.5 -00.6 004.1 000.0 000.0 000.0 003.7 000.0 0897.1 000.7 089 089
0001.2 -03.2 005.0 000.0 000.0 000.0 002.9 000.0 1185.7 000.0 090 085
0005.6 -00.3 012.4 000.0 000.0 000.0 005.7 000.0 1745.9 000.0 091 076
0007.4 002.4 014.9 000.0 000.0 000.0 005.5 000.0 1106.8 002.6 092 083
0007.2 002.8 012.9 000.0 000.0 000.0 004.5 000.0 1732.5 000.0 093 075
0005.9 000.6 010.3 000.0 000.0 000.0 003.4 000.0 1322.5 000.0 094 084
0005.3 001.6 008.5 000.0 000.0 000.0 004.2 000.0 1240.8 000.0 095 079
0003.7 -00.4 007.1 000.0 000.0 000.0 003.0 000.0 1172.5 000.0 096 080
0004.1 -01.1 008.2 000.0 000.0 000.0 002.5 000.0 0857.1 000.1 097 084
0006.7 002.1 011.1 000.0 000.0 000.0 001.8 000.0 1208.2 000.0 098 075
0007.2 003.0 012.3 000.0 000.0 000.0 001.4 000.0 1390.4 000.0 099 070
0005.8 -00.5 011.5 000.0 000.0 000.0 002.4 000.0 1894.0 000.0 100 073
0006.8 -01.5 013.2 000.0 000.0 000.0 000.9 000.0 1984.4 000.0 101 068
0010.2 004.4 015.6 000.0 000.0 000.0 002.7 000.0 1573.1 000.0 102 068
0011.5 006.8 016.6 000.0 000.0 000.0 003.4 000.0 1625.8 000.0 103 071
0008.5 007.3 010.1 000.0 000.0 000.0 004.3 000.0 0085.3 002.1 104 087
0007.3 005.0 010.0 000.0 000.0 000.0 005.5 000.0 0781.3 000.1 105 082
0007.6 002.4 014.0 000.0 000.0 000.0 003.7 000.0 0926.0 001.0 106 079
0005.1 001.6 007.1 000.0 000.0 000.0 004.9 000.0 0642.1 002.3 107 086
0002.7 -00.1 006.0 000.0 000.0 000.0 003.8 000.0 1391.3 002.1 108 087
0006.3 001.7 009.9 000.0 000.0 000.0 005.2 000.0 1161.0 001.7 109 088
0008.2 005.4 010.0 000.0 000.0 000.0 007.7 000.0 1512.8 001.9 110 072
0005.6 001.4 008.8 000.0 000.0 000.0 005.8 000.0 1868.0 000.0 111 059
0006.2 -01.0 011.3 000.0 000.0 000.0 003.1 000.0 2245.3 000.0 112 061
0008.2 002.0 012.8 000.0 000.0 000.0 004.1 000.0 1624.7 000.0 113 059
0006.5 003.0 009.4 000.0 000.0 000.0 002.3 000.0 0938.8 000.0 114 078
0010.4 005.4 015.1 000.0 000.0 000.0 001.9 000.0 1198.2 000.0 115 075
0015.3 007.8 024.1 000.0 000.0 000.0 003.6 000.0 1880.3 001.7 116 071
0013.9 010.2 019.0 000.0 000.0 000.0 002.0 000.0 1285.0 002.8 117 081
0012.8 006.6 015.5 000.0 000.0 000.0 004.4 000.0 1421.3 000.0 118 074
0012.1 004.8 017.0 000.0 000.0 000.0 003.5 000.0 1388.5 000.1 119 067
0010.6 006.9 012.8 000.0 000.0 000.0 003.8 000.0 0945.1 002.2 120 086
0009.6 002.8 014.8 000.0 000.0 000.0 002.3 000.0 1682.8 000.0 121 070
0012.4 006.1 017.1 000.0 000.0 000.0 004.9 000.0 1658.5 000.2 122 068
0008.2 005.7 010.2 000.0 000.0 000.0 002.0 000.0 0774.4 003.0 123 090
0009.1 006.0 011.9 000.0 000.0 000.0 002.9 000.0 1568.6 000.1 124 076
0008.3 002.5 013.0 000.0 000.0 000.0 001.6 000.0 2597.4 000.0 125 070
0009.9 001.4 015.8 000.0 000.0 000.0 001.3 000.0 2576.3 000.0 126 067
0012.4 004.4 017.6 000.0 000.0 000.0 003.2 000.0 2162.5 000.0 127 066
0013.3 011.5 016.3 000.0 000.0 000.0 004.5 000.0 0694.0 002.4 128 087
0010.5 005.1 017.1 000.0 000.0 000.0 005.3 000.0 0478.0 002.7 129 088
0007.5 004.3 011.4 000.0 000.0 000.0 004.4 000.0 1322.1 002.4 130 085
0007.9 005.8 011.0 000.0 000.0 000.0 004.5 000.0 1266.1 003.1 131 084
0007.0 004.8 010.0 000.0 000.0 000.0 002.6 000.0 0555.5 010.9 132 095
0009.8 003.3 014.6 000.0 000.0 000.0 004.4 000.0 1678.7 000.3 133 080
0015.6 012.2 020.0 000.0 000.0 000.0 004.1 000.0 1808.4 000.0 134 078
0016.6 011.1 022.0 000.0 000.0 000.0 002.7 000.0 2321.7 000.0 135 076
0017.9 011.2 024.4 000.0 000.0 000.0 003.7 000.0 2655.3 000.0 136 064
0015.2 008.9 024.3 000.0 000.0 000.0 002.1 000.0 2210.4 000.0 137 068
0012.2 007.7 017.1 000.0 000.0 000.0 003.0 000.0 2284.1 000.0 138 077
0012.3 004.4 018.3 000.0 000.0 000.0 002.5 000.0 2756.5 000.0 139 067
0014.6 006.9 021.4 000.0 000.0 000.0 002.4 000.0 2776.1 000.0 140 071
0017.4 009.1 024.3 000.0 000.0 000.0 002.2 000.0 2700.8 000.0 141 065
0019.0 010.4 025.8 000.0 000.0 000.0 001.8 000.0 2579.2 000.0 142 065
0020.0 013.1 026.4 000.0 000.0 000.0 002.3 000.0 2467.6 000.0 143 066
0019.6 012.6 026.7 000.0 000.0 000.0 004.0 000.0 2653.4 000.0 144 064
0017.4 010.5 023.8 000.0 000.0 000.0 004.7 000.0 2882.2 000.0 145 057
0016.0 009.3 022.2 000.0 000.0 000.0 004.0 000.0 2885.6 000.0 146 052
0015.9 008.3 021.7 000.0 000.0 000.0 003.4 000.0 2604.2 000.0 147 060
0017.5 012.2 024.0 000.0 000.0 000.0 002.8 000.0 2414.5 000.0 148 072
0015.3 009.2 020.7 000.0 000.0 000.0 002.8 000.0 2765.0 000.0 149 066
0016.5 010.6 022.1 000.0 000.0 000.0 003.2 000.0 2255.4 000.0 150 067
0017.3 008.2 024.1 000.0 000.0 000.0 001.9 000.0 2521.1 000.0 151 066
0017.9 010.4 024.0 000.0 000.0 000.0 002.1 000.0 2654.2 000.0 152 065
0019.6 010.8 026.4 000.0 000.0 000.0 003.5 000.0 2343.9 000.0 153 061
0021.9 013.5 028.5 000.0 000.0 000.0 005.1 000.0 2569.7 000.0 154 057
0020.9 015.4 027.9 000.0 000.0 000.0 003.7 000.0 1808.9 000.0 155 069
0022.0 014.2 029.2 000.0 000.0 000.0 004.3 000.0 2743.4 000.0 156 059
0021.5 012.9 028.3 000.0 000.0 000.0 003.6 000.0 2693.2 000.0 157 058
0019.2 014.8 025.3 000.0 000.0 000.0 003.4 000.0 2023.7 000.1 158 067
0018.7 012.7 023.3 000.0 000.0 000.0 004.0 000.0 2357.8 000.0 159 053
0018.8 014.0 023.9 000.0 000.0 000.0 003.6 000.0 2228.9 000.0 160 061
0018.4 012.5 024.7 000.0 000.0 000.0 002.6 000.0 1976.6 000.2 161 066
0013.2 009.8 019.5 000.0 000.0 000.0 002.9 000.0 1508.4 000.5 162 080
0012.9 010.1 015.6 000.0 000.0 000.0 001.9 000.0 0923.6 003.7 163 088
0015.2 012.0 020.5 000.0 000.0 000.0 002.3 000.0 1318.6 007.5 164 087
0015.8 012.0 020.7 000.0 000.0 000.0 002.7 000.0 2219.2 000.0 165 079
0019.1 010.9 025.3 000.0 000.0 000.0 002.6 000.0 2704.9 000.0 166 064
0020.3 015.8 024.9 000.0 000.0 000.0 002.0 000.0 1706.9 000.0 167 070
0018.3 012.9 023.1 000.0 000.0 000.0 001.6 000.0 1344.6 000.0 168 077
0017.6 009.9 023.9 000.0 000.0 000.0 002.0 000.0 2839.6 000.0 169 066
0016.6 009.6 021.7 000.0 000.0 000.0 002.3 000.0 2466.2 000.0 170 066
0019.1 011.6 026.0 000.0 000.0 000.0 003.8 000.0 2703.7 000.5 171 060
0019.7 014.4 026.0 000.0 000.0 000.0 002.9 000.0 2145.7 000.0 172 061
0019.8 011.8 026.9 000.0 000.0 000.0 002.3 000.0 2690.9 000.0 173 058
0017.0 012.3 022.0 000.0 000.0 000.0 003.6 000.0 2797.0 000.0 174 069
0016.4 008.1 022.5 000.0 000.0 000.0 002.0 000.0 2568.7 000.0 175 070
0017.4 011.7 023.4 000.0 000.0 000.0 002.8 000.0 2811.3 000.0 176 070
0017.8 010.8 024.4 000.0 000.0 000.0 003.0 000.0 2801.6 000.0 177 059
0017.3 009.1 024.0 000.0 000.0 000.0 002.6 000.0 2954.2 000.0 178 057
0019.0 010.0 026.4 000.0 000.0 000.0 001.7 000.0 2909.1 000.0 179 057
0019.0 011.3 027.3 000.0 000.0 000.0 001.2 000.0 1551.1 000.0 180 061
0025.6 017.4 030.0 000.0 000.0 000.0 002.0 000.0 2749.3 010.0 181 041
0023.6 013.2 031.6 000.0 000.0 000.0 002.4 000.0 2611.3 000.0 182 052
0024.2 014.8 032.3 000.0 000.0 000.0 002.0 000.0 2632.3 000.0 183 058
0021.2 014.9 025.8 000.0 000.0 000.0 003.2 000.0 2149.9 000.0 184 068
0019.0 010.7 024.8 000.0 000.0 000.0 001.4 000.0 2431.4 000.0 185 057
0019.3 015.7 025.6 000.0 000.0 000.0 002.3 000.0 1551.2 008.5 186 079
0017.8 015.5 021.7 000.0 000.0 000.0 003.3 000.0 0861.7 000.2 187 072
0014.1 012.0 015.6 000.0 000.0 000.0 003.7 000.0 0538.1 002.3 188 085
0017.7 013.0 023.0 000.0 000.0 000.0 002.4 000.0 2346.1 000.0 189 065
0019.4 010.7 026.5 000.0 000.0 000.0 001.4 000.0 2788.5 000.0 190 059
0021.6 012.1 028.3 000.0 000.0 000.0 001.6 000.0 2403.2 000.0 191 056
0021.3 011.8 028.7 000.0 000.0 000.0 001.8 000.0 2359.6 000.0 192 057
0018.6 016.0 021.6 000.0 000.0 000.0 002.4 000.0 1301.5 000.5 193 081
0018.3 014.9 024.1 000.0 000.0 000.0 002.5 000.0 1516.3 000.8 194 079
0018.5 013.1 023.7 000.0 000.0 000.0 003.5 000.0 2217.4 000.0 195 066
0016.8 013.7 019.2 000.0 000.0 000.0 004.6 000.0 0906.5 004.3 196 087
0015.8 011.1 019.5 000.0 000.0 000.0 004.1 000.0 1748.9 000.0 197 067
0015.2 008.5 020.4 000.0 000.0 000.0 002.7 000.0 2152.1 000.0 198 068
0019.8 009.7 026.8 000.0 000.0 000.0 002.1 000.0 1744.3 004.0 199 066
0018.5 013.8 022.5 000.0 000.0 000.0 004.2 000.0 1662.3 001.0 200 081
0014.5 013.5 017.1 000.0 000.0 000.0 002.1 000.0 0268.3 000.0 201 089
0024.8 017.2 032.1 000.0 000.0 000.0 002.0 000.0 2420.0 000.0 202 060
0026.7 016.9 035.6 000.0 000.0 000.0 003.0 000.0 2410.0 004.0 203 056
0019.7 017.0 024.4 000.0 000.0 000.0 002.0 000.0 1300.0 000.0 204 079
0021.2 015.3 025.3 000.0 000.0 000.0 002.4 000.0 0782.6 000.0 205 056
0020.3 011.4 027.6 000.0 000.0 000.0 002.0 000.0 2763.3 000.0 206 059
0020.9 012.6 029.5 000.0 000.0 000.0 003.2 000.0 2380.4 002.1 207 065
0019.0 013.9 024.6 000.0 000.0 000.0 003.2 000.0 1861.6 000.0 208 074
0021.3 014.3 029.8 000.0 000.0 000.0 003.9 000.0 1924.0 002.8 209 065
0016.1 011.4 021.1 000.0 000.0 000.0 005.8 000.0 1836.5 000.0 210 066
0017.1 009.9 023.1 000.0 000.0 000.0 002.6 000.0 2633.5 000.0 211 066
0021.8 010.5 031.0 000.0 000.0 000.0 002.8 000.0 2483.0 000.0 212 057
0020.9 014.7 026.8 000.0 000.0 000.0 002.1 000.0 1692.5 000.0 213 064
0021.4 013.9 028.3 000.0 000.0 000.0 002.3 000.0 2048.3 000.0 214 069
0021.5 016.2 026.5 000.0 000.0 000.0 002.9 000.0 1457.1 005.7 215 077
0023.6 013.7 032.2 000.0 000.0 000.0 003.4 000.0 2017.3 000.0 216 066
0019.9 013.1 023.6 000.0 000.0 000.0 004.1 000.0 1820.6 000.0 217 065
0019.8 010.5 027.1 000.0 000.0 000.0 003.0 000.0 2407.9 000.0 218 059
0022.8 013.4 031.6 000.0 000.0 000.0 002.7 000.0 2288.3 000.0 219 055
0020.0 013.5 026.7 000.0 000.0 000.0 003.0 000.0 2540.0 000.0 220 055
0022.8 013.7 033.8 000.0 000.0 000.0 001.0 000.0 2540.0 000.0 221 063
0029.0 015.3 037.6 000.0 000.0 000.0 004.0 000.0 2010.0 000.0 222 050
0026.5 022.3 035.5 000.0 000.0 000.0 007.0 000.0 2260.0 000.0 223 050
0020.4 014.4 023.8 000.0 000.0 000.0 004.3 000.0 1570.9 001.7 224 063
0019.5 013.8 025.6 000.0 000.0 000.0 003.7 000.0 1966.7 000.1 225 063
0016.9 015.0 019.8 000.0 000.0 000.0 005.1 000.0 1022.4 002.1 226 075
0014.9 013.0 016.9 000.0 000.0 000.0 004.8 000.0 0618.8 010.9 227 094
0014.7 011.8 018.7 000.0 000.0 000.0 004.4 000.0 1386.8 000.1 228 081
0016.1 009.1 022.0 000.0 000.0 000.0 001.9 000.0 1980.8 000.0 229 069
0015.7 012.9 018.2 000.0 000.0 000.0 003.3 000.0 0675.5 001.4 230 084
0016.4 011.5 020.7 000.0 000.0 000.0 003.5 000.0 1748.1 000.0 231 072
0018.3 014.2 022.4 000.0 000.0 000.0 002.0 000.0 1665.1 000.0 232 069
0020.4 014.0 026.7 000.0 000.0 000.0 002.9 000.0 1911.8 001.5 233 066
0019.4 014.9 022.8 000.0 000.0 000.0 004.5 000.0 1227.8 003.4 234 076
0016.8 011.2 022.8 000.0 000.0 000.0 003.4 000.0 2159.0 000.0 235 074
0015.3 010.7 022.6 000.0 000.0 000.0 002.7 000.0 1077.1 000.9 236 087
0016.0 009.3 021.1 000.0 000.0 000.0 003.6 000.0 1263.5 000.0 237 072
0018.1 015.0 022.7 000.0 000.0 000.0 004.2 000.0 0740.5 001.4 238 087
0019.2 014.4 024.8 000.0 000.0 000.0 002.8 000.0 1346.8 023.1 239 088
0018.9 016.3 022.5 000.0 000.0 000.0 003.8 000.0 1094.5 000.6 240 085
0024.1 018.2 031.5 000.0 000.0 000.0 003.5 000.0 1889.8 000.1 241 066
0021.6 016.1 030.3 000.0 000.0 000.0 003.3 000.0 1713.7 000.5 242 078
0015.8 014.1 018.2 000.0 000.0 000.0 002.0 000.0 0649.0 000.1 243 092
0016.5 013.1 020.7 000.0 000.0 000.0 003.2 000.0 0844.3 014.8 244 083
0012.1 010.0 013.2 000.0 000.0 000.0 005.1 000.0 0669.7 008.0 245 089
0013.2 008.1 016.4 000.0 000.0 000.0 005.4 000.0 1420.7 000.0 246 073
0015.5 012.8 018.9 000.0 000.0 000.0 005.5 000.0 0933.5 005.1 247 082
0012.0 009.1 015.1 000.0 000.0 000.0 004.3 000.0 1196.0 001.5 248 087
0010.8 008.3 012.9 000.0 000.0 000.0 004.5 000.0 0981.0 004.5 249 091
0011.5 008.2 015.0 000.0 000.0 000.0 004.9 000.0 1422.0 000.0 250 076
0012.3 005.8 017.8 000.0 000.0 000.0 003.5 000.0 1794.1 000.8 251 076
0013.3 010.2 015.9 000.0 000.0 000.0 003.4 000.0 0951.2 001.2 252 079
0012.5 008.7 017.2 000.0 000.0 000.0 002.9 000.0 1598.5 000.0 253 075
0012.8 005.5 019.6 000.0 000.0 000.0 002.0 000.0 1740.5 000.0 254 073
0014.9 009.0 022.4 000.0 000.0 000.0 002.7 000.0 1289.7 000.0 255 075
0014.0 009.6 018.6 000.0 000.0 000.0 002.1 000.0 0953.5 000.0 256 083
0012.4 005.8 018.1 000.0 000.0 000.0 001.5 000.0 1433.4 000.0 257 079
0013.7 010.8 017.5 000.0 000.0 000.0 003.5 000.0 0755.9 000.0 258 084
0013.5 009.2 017.4 000.0 000.0 000.0 004.4 000.0 0988.2 000.0 259 079
0014.9 012.6 017.2 000.0 000.0 000.0 005.7 000.0 0603.1 000.0 260 077
0012.7 007.7 017.3 000.0 000.0 000.0 002.3 000.0 1648.4 000.0 261 068
0010.9 003.9 018.5 000.0 000.0 000.0 001.5 000.0 1638.8 000.0 262 075
0011.4 005.1 017.9 000.0 000.0 000.0 002.7 000.0 1565.4 000.0 263 074
0011.4 005.7 017.0 000.0 000.0 000.0 001.8 000.0 0719.7 000.2 264 083
0013.1 006.9 019.8 000.0 000.0 000.0 002.2 000.0 1413.8 000.0 265 077
0015.1 009.1 021.8 000.0 000.0 000.0 005.3 000.0 1376.5 000.0 266 068
0015.8 009.8 022.6 000.0 000.0 000.0 003.3 000.0 1295.2 000.0 267 071
0014.6 012.1 016.6 000.0 000.0 000.0 001.4 000.0 0480.1 000.4 268 090
0014.2 012.1 017.3 000.0 000.0 000.0 000.6 000.0 0591.1 000.3 269 090
0014.1 008.0 022.2 000.0 000.0 000.0 000.9 000.0 1302.4 000.2 270 076
0014.3 007.5 022.4 000.0 000.0 000.0 000.7 000.0 1343.3 000.0 271 075
0013.2 007.8 021.1 000.0 000.0 000.0 001.7 000.0 1234.9 000.0 272 081
0011.1 007.1 015.7 000.0 000.0 000.0 002.5 000.0 1324.4 000.0 273 077
0011.1 009.5 014.0 000.0 000.0 000.0 000.7 000.0 0568.4 000.0 274 081
0008.8 002.8 016.3 000.0 000.0 000.0 000.0 000.0 0760.0 000.0 275 088
0008.7 003.0 016.4 000.0 000.0 000.0 002.2 000.0 0940.0 000.0 276 082
0010.8 003.9 016.8 000.0 000.0 000.0 003.6 000.0 0750.0 000.0 277 077
0009.3 005.1 015.5 000.0 000.0 000.0 009.2 000.0 1100.0 000.0 278 070
0009.0 004.6 010.7 000.0 000.0 000.0 007.2 000.0 1280.0 003.0 279 083
0011.3 009.8 012.3 000.0 000.0 000.0 005.0 000.0 0340.0 001.0 280 099
0008.8 005.9 013.3 000.0 000.0 000.0 003.6 000.0 0340.0 000.0 281 095
0009.4 002.9 011.3 000.0 000.0 000.0 006.7 000.0 0330.0 000.0 282 093
0008.0 004.7 013.7 000.0 000.0 000.0 001.4 000.0 0320.0 001.0 283 096
0004.9 001.7 012.6 000.0 000.0 000.0 004.7 000.0 0500.0 000.0 284 088
0006.0 001.8 011.4 000.0 000.0 000.0 004.2 000.0 1000.0 000.0 285 095
0004.1 -01.9 008.0 000.0 000.0 000.0 002.5 000.0 0794.3 000.0 286 061
0001.9 -03.1 008.6 000.0 000.0 000.0 001.8 000.0 1119.7 000.0 287 062
0000.6 -03.2 008.1 000.0 000.0 000.0 002.3 000.0 0556.4 000.0 288 061
0005.7 004.1 008.8 000.0 000.0 000.0 005.0 000.0 0290.0 000.0 289 092
0004.7 002.1 007.1 000.0 000.0 000.0 004.2 000.0 0100.2 000.0 290 080
0002.9 000.1 007.2 000.0 000.0 000.0 003.5 000.0 0698.1 000.0 291 085
0002.9 -01.9 008.9 000.0 000.0 000.0 002.1 000.0 0850.1 000.0 292 084
0005.0 -00.2 011.9 000.0 000.0 000.0 003.7 000.0 0869.3 000.0 293 079
0004.2 -00.3 010.7 000.0 000.0 000.0 001.7 000.0 0926.4 000.0 294 080
0004.4 -02.0 012.2 000.0 000.0 000.0 002.6 000.0 0713.9 000.0 295 084
0004.0 001.2 006.0 000.0 000.0 000.0 005.1 000.0 0376.1 000.6 296 088
0003.5 -00.4 006.5 000.0 000.0 000.0 003.4 000.0 0731.9 001.2 297 081
0005.1 003.2 006.3 000.0 000.0 000.0 004.2 000.0 0383.1 002.1 298 091
0004.6 003.6 006.9 000.0 000.0 000.0 003.8 000.0 0410.5 002.7 299 085
0003.2 000.0 006.0 000.0 000.0 000.0 002.8 000.0 0149.0 002.5 300 091
0000.0 001.8 001.7 000.0 000.0 000.0 002.1 000.0 0307.6 000.0 301 094
0003.7 000.6 006.8 000.0 000.0 000.0 002.5 000.0 0201.5 002.6 302 093
0004.9 002.6 007.2 000.0 000.0 000.0 004.5 000.0 0358.1 003.0 303 091
0003.7 -01.7 005.8 000.0 000.0 000.0 002.9 000.0 0426.3 000.1 304 076
-001.2 -03.7 003.8 000.0 000.0 000.0 001.0 000.0 0691.5 000.0 305 089
0000.2 -01.2 002.9 000.0 000.0 000.0 002.2 000.0 0413.2 000.0 306 091
0003.0 -00.6 007.1 000.0 000.0 000.0 006.1 000.0 0746.7 000.9 307 073
0007.2 004.2 009.6 000.0 000.0 000.0 006.3 000.0 0351.6 002.4 308 057
0005.4 002.9 007.9 000.0 000.0 000.0 005.6 000.0 0330.3 000.6 309 057
0007.7 005.2 010.9 000.0 000.0 000.0 004.4 000.0 0187.9 001.0 310 057
0010.8 010.4 011.3 000.0 000.0 000.0 006.6 000.0 0190.0 000.0 311 057
0010.8 006.8 012.4 000.0 000.0 000.0 007.4 000.0 0116.5 001.8 312 057
0003.6 -01.8 006.1 000.0 000.0 000.0 003.1 000.0 0631.9 000.0 313 068
-001.6 -06.5 003.8 000.0 000.0 000.0 001.8 000.0 0663.9 000.0 314 079
0004.5 000.4 007.2 000.0 000.0 000.0 004.8 000.0 0181.6 000.6 315 084
0006.2 004.4 008.9 000.0 000.0 000.0 005.0 000.0 0355.5 000.4 316 087
0005.2 003.6 009.3 000.0 000.0 000.0 006.1 000.0 0145.0 003.0 317 087
0003.0 001.7 004.6 000.0 000.0 000.0 005.8 000.0 0056.0 001.0 318 096
0002.0 000.5 003.9 000.0 000.0 000.0 001.4 000.0 0137.0 001.0 319 099
0001.2 -00.6 002.4 000.0 000.0 000.0 003.1 000.0 0056.0 001.0 320 100
0004.1 000.6 006.3 000.0 000.0 000.0 004.7 000.0 0056.0 002.0 321 100
0005.9 003.5 008.4 000.0 000.0 000.0 003.8 000.0 0240.2 000.0 322 080
0003.8 002.6 005.0 000.0 000.0 000.0 005.4 000.0 0160.6 004.3 323 089
0004.1 002.5 005.7 000.0 000.0 000.0 007.5 000.0 0251.5 001.9 324 088
0004.3 002.8 005.4 000.0 000.0 000.0 009.2 000.0 0265.1 000.2 325 077
0003.3 001.4 005.2 000.0 000.0 000.0 006.4 000.0 0350.6 001.8 326 087
0001.6 -00.6 004.5 000.0 000.0 000.0 001.9 000.0 0285.9 000.0 327 095
0000.7 -01.4 002.5 000.0 000.0 000.0 001.5 000.0 0122.2 000.7 328 097
0005.6 002.6 007.2 000.0 000.0 000.0 002.4 000.0 0189.7 000.6 329 096
0007.0 005.6 008.9 000.0 000.0 000.0 004.8 000.0 0150.5 001.8 330 090
0007.3 005.8 010.6 000.0 000.0 000.0 007.6 000.0 0051.8 004.0 331 088
0003.9 002.3 006.6 000.0 000.0 000.0 004.2 000.0 0249.0 002.0 332 094
0003.9 001.7 006.6 000.0 000.0 000.0 007.2 000.0 0040.0 002.0 333 099
0002.0 001.1 003.6 000.0 000.0 000.0 005.8 000.0 0040.0 000.0 334 100
0003.8 -00.1 005.0 000.0 000.0 000.0 007.2 000.0 0083.0 000.0 335 092
0006.4 004.6 010.1 000.0 000.0 000.0 005.5 000.0 0185.4 000.0 336 089
0004.9 002.7 007.4 000.0 000.0 000.0 006.5 000.0 0342.2 003.9 337 088
0006.7 003.4 010.0 000.0 000.0 000.0 005.6 000.0 0298.8 001.5 338 081
0004.9 001.8 006.3 000.0 000.0 000.0 005.3 000.0 0305.3 003.1 339 084
0002.5 000.2 004.7 000.0 000.0 000.0 003.9 000.0 0221.5 000.0 340 090
0001.6 000.3 003.1 000.0 000.0 000.0 002.4 000.0 0222.5 000.0 341 094
0000.8 000.3 001.6 000.0 000.0 000.0 004.7 000.0 0214.6 000.0 342 092
0001.7 000.5 002.9 000.0 000.0 000.0 002.3 000.0 0109.7 000.0 343 096
0002.4 001.7 003.5 000.0 000.0 000.0 002.3 000.0 0102.5 000.0 344 094
0002.8 002.3 003.3 000.0 000.0 000.0 001.6 000.0 0096.6 000.0 345 095
0002.3 000.5 003.3 000.0 000.0 000.0 004.0 000.0 0122.6 002.7 346 093
0003.3 000.2 004.8 000.0 000.0 000.0 006.4 000.0 0195.8 005.1 347 092
0002.8 001.5 004.1 000.0 000.0 000.0 006.0 000.0 0203.2 000.0 348 087
0006.3 002.7 008.5 000.0 000.0 000.0 006.1 000.0 0116.1 002.2 349 091
0005.4 000.4 007.6 000.0 000.0 000.0 002.8 000.0 0296.3 000.0 350 088
0000.0 002.4 003.6 000.0 000.0 000.0 001.1 000.0 0384.2 000.0 351 094
-000.8 -03.9 002.5 000.0 000.0 000.0 000.5 000.0 0344.9 000.0 352 094
-001.5 -03.8 000.0 000.0 000.0 000.0 002.7 000.0 0289.2 000.0 353 095
0001.8 -01.5 003.0 000.0 000.0 000.0 005.4 000.0 0120.2 001.3 354 085
0001.8 000.3 002.5 000.0 000.0 000.0 001.9 000.0 0089.5 007.3 355 093
-000.2 -02.4 001.3 000.0 000.0 000.0 001.4 000.0 0156.6 000.0 356 093
-003.2 -03.8 -02.7 000.0 000.0 000.0 002.3 000.0 0186.1 000.0 357 091
-004.8 -07.8 -02.2 000.0 000.0 000.0 004.9 000.0 0400.3 000.0 358 083
-008.2 -09.6 -06.2 000.0 000.0 000.0 003.2 000.0 0319.8 000.0 359 088
-009.8 -11.3 -07.7 000.0 000.0 000.0 002.5 000.0 0278.5 000.0 360 089
-009.0 -12.1 -04.7 000.0 000.0 000.0 000.7 000.0 0296.0 000.0 361 088
-002.3 -04.5 000.9 000.0 000.0 000.0 001.5 000.0 0338.4 000.0 362 090
-006.0 -08.5 -02.4 000.0 000.0 000.0 002.2 000.0 0363.3 000.0 363 092
-004.1 -05.3 -03.0 000.0 000.0 000.0 004.3 000.0 0103.9 000.0 364 092
-001.6 -02.8 -00.6 000.0 000.0 000.0 002.3 000.0 0133.0 000.0 365 092
-002.1 -03.3 -00.9 000.0 000.0 000.0 001.9 000.0 0142.2 000.0 366 092
