Tp_av Tpmin Tpmax T_s10 T_s20 vappd wind sundu radia prec tagesnummer RF
C_deg C_deg C_deg C_deg C_deg mm_Hg m/se hours J/cm² mm jday %
50 ----- ----- ----- ----- ----- 02 m ----- ------ -- - -
-009.4 -10.8 -08.0 000.0 000.0 000.0 004.9 000.0 111.6 000.0 001 090
-008.2 -09.4 -06.8 000.0 000.0 000.0 002.7 000.0 158.5 000.0 002 091
-003.6 -07.1 -00.5 000.0 000.0 000.0 003.0 000.0 207.5 000.0 003 092
-006.7 -07.8 -04.0 000.0 000.0 000.0 001.8 000.0 251.0 000.0 004 088
-005.4 -07.6 -03.7 000.0 000.0 000.0 003.7 000.0 260.8 000.0 005 097
-004.0 -06.4 -03.0 000.0 000.0 000.0 005.4 000.0 137.6 000.0 006 090
-003.2 -06.8 -00.4 000.0 000.0 000.0 004.0 000.0 323.8 000.5 007 092
0000.1 -00.6 000.9 000.0 000.0 000.0 001.5 000.0 150.0 000.0 008 099
0000.1 -00.5 000.6 000.0 000.0 000.0 003.3 000.0 162.1 000.0 009 099
0000.0 -00.6 000.6 000.0 000.0 000.0 003.3 000.0 173.1 000.0 010 099
-000.5 -00.8 -00.1 000.0 000.0 000.0 001.4 000.0 215.0 000.0 011 099
-000.9 -01.5 -00.4 000.0 000.0 000.0 000.0 000.0 229.7 000.0 012 099
-001.0 -01.6 -00.4 000.0 000.0 000.0 000.0 000.0 202.4 000.0 013 099
-001.0 -01.6 -00.4 000.0 000.0 000.0 000.0 000.0 104.0 000.0 014 099
-001.5 -02.3 -01.0 000.0 000.0 000.0 000.0 000.0 128.9 000.0 015 099
-002.5 -04.0 -01.1 000.0 000.0 000.0 000.0 000.0 159.8 000.0 016 099
-004.1 -04.3 -03.9 000.0 000.0 000.0 000.0 000.0 133.4 000.0 017 099
-002.9 -04.2 -01.7 000.0 000.0 000.0 000.0 000.0 126.3 000.0 018 099
-001.2 -02.5 000.0 000.0 000.0 000.0 001.8 000.0 135.2 000.1 019 097
-006.4 -08.3 -03.1 000.0 000.0 000.0 005.4 000.0 233.9 000.0 020 087
-008.1 -09.9 -04.9 000.0 000.0 000.0 003.9 000.0 472.3 000.0 021 087
-006.9 -08.2 -05.4 000.0 000.0 000.0 005.9 000.0 292.7 000.0 022 083
-007.7 -09.8 -04.5 000.0 000.0 000.0 005.8 000.0 570.7 000.0 023 073
-009.8 -12.9 -06.5 000.0 000.0 000.0 006.5 000.0 570.2 000.0 024 072
-012.2 -14.4 -08.7 000.0 000.0 000.0 005.5 000.0 576.0 000.0 025 075
-011.9 -14.7 -09.3 000.0 000.0 000.0 005.4 000.0 370.1 000.0 026 076
-010.9 -13.6 -08.7 000.0 000.0 000.0 003.8 000.0 269.8 000.0 027 081
-007.7 -11.1 -02.8 000.0 000.0 000.0 003.1 000.0 631.2 000.0 028 086
-007.2 -10.3 -02.3 000.0 000.0 000.0 002.8 000.0 723.6 000.0 029 083
-004.3 -08.8 -01.6 000.0 000.0 000.0 001.7 000.0 143.3 000.0 030 091
-003.4 -05.4 -01.8 000.0 000.0 000.0 002.4 000.0 406.3 000.0 031 079
-005.1 -08.5 -01.3 000.0 000.0 000.0 002.6 000.0 719.4 000.0 032 079
-008.0 -12.0 -03.7 000.0 000.0 000.0 001.0 000.0 476.2 000.0 033 092
-005.4 -06.9 -02.8 000.0 000.0 000.0 001.1 000.0 332.1 000.0 034 090
-004.6 -06.4 -03.7 000.0 000.0 000.0 002.6 000.0 167.3 000.3 035 094
-007.1 -13.2 -04.3 000.0 000.0 000.0 000.6 000.0 686.0 000.9 036 085
-011.2 -16.2 -05.5 000.0 000.0 000.0 001.9 000.0 782.4 000.0 037 085
-011.4 -15.2 -06.6 000.0 000.0 000.0 003.0 000.0 772.3 000.0 038 083
-012.6 -15.1 -08.8 000.0 000.0 000.0 003.4 000.0 817.3 000.0 039 080
-013.9 -18.0 -07.9 000.0 000.0 000.0 003.0 000.0 829.3 000.0 040 082
-012.1 -15.6 -08.8 000.0 000.0 000.0 005.3 000.0 508.7 000.0 041 079
-005.8 -09.3 -02.8 000.0 000.0 000.0 003.7 000.0 361.6 000.1 042 089
0000.7 -03.1 004.6 000.0 000.0 000.0 004.1 000.0 684.5 000.0 043 085
-001.1 -02.5 000.5 000.0 000.0 000.0 004.3 000.0 283.0 000.7 044 092
-001.8 -03.1 -00.5 000.0 000.0 000.0 004.0 000.0 201.1 000.0 045 090
-002.2 -04.3 -00.7 000.0 000.0 000.0 004.8 000.0 748.9 000.0 046 081
0002.1 -01.2 004.3 000.0 000.0 000.0 007.9 000.0 180.5 001.9 047 096
0001.5 -00.5 003.0 000.0 000.0 000.0 006.4 000.0 328.7 002.2 048 089
0000.4 -01.3 001.8 000.0 000.0 000.0 004.5 000.0 339.1 005.2 049 095
0001.4 000.0 003.5 000.0 000.0 000.0 002.9 000.0 378.7 000.1 050 096
-001.0 -03.2 000.7 000.0 000.0 000.0 005.0 000.0 136.1 000.0 051 093
-003.7 -05.6 -01.6 000.0 000.0 000.0 005.8 000.0 413.8 000.3 052 093
-005.4 -06.7 -03.8 000.0 000.0 000.0 004.2 000.0 657.8 000.0 053 089
-006.7 -10.5 -04.0 000.0 000.0 000.0 002.7 000.0 939.7 000.0 054 087
-007.8 -12.8 -00.9 000.0 000.0 000.0 001.0 000.0 974.6 000.0 055 089
-001.8 -10.5 006.0 000.0 000.0 000.0 003.2 000.0 746.2 000.0 056 082
0004.2 000.4 009.5 000.0 000.0 000.0 003.9 000.0 1092.0 000.0 057 062
0000.6 -02.5 005.1 000.0 000.0 000.0 001.5 000.0 1058.7 000.0 058 091
-001.0 -02.2 -00.3 000.0 000.0 000.0 002.3 000.0 313.9 000.0 059 099
-001.2 -02.8 000.5 000.0 000.0 000.0 003.6 000.0 531.4 000.0 060 095
0000.1 -01.5 002.3 000.0 000.0 000.0 005.3 000.0 1115.1 000.0 061 071
-000.9 -02.4 001.0 000.0 000.0 000.0 004.1 000.0 793.0 000.0 062 080
-002.2 -03.7 -00.8 000.0 000.0 000.0 002.9 000.0 560.8 000.0 063 086
-002.9 -05.7 -00.2 000.0 000.0 000.0 001.9 000.0 848.2 000.0 064 080
-001.0 -06.3 003.8 000.0 000.0 000.0 002.5 000.0 993.8 000.0 065 080
-000.3 -00.9 000.5 000.0 000.0 000.0 002.4 000.0 315.0 000.0 066 096
0000.2 -02.2 003.3 000.0 000.0 000.0 004.8 000.0 1128.5 000.0 067 072
-001.3 -04.6 002.8 000.0 000.0 000.0 004.6 000.0 1394.6 000.0 068 072
-002.0 -05.8 003.0 000.0 000.0 000.0 005.3 000.0 1375.7 000.0 069 069
-003.0 -06.7 -00.9 000.0 000.0 000.0 003.8 000.0 641.6 000.0 070 077
-003.7 -05.5 -02.1 000.0 000.0 000.0 005.4 000.0 648.4 000.0 071 080
-004.1 -07.2 -00.9 000.0 000.0 000.0 003.9 000.0 1035.8 000.0 072 078
-003.1 -05.5 -01.4 000.0 000.0 000.0 004.3 000.0 644.3 000.0 073 086
-001.0 -01.9 -00.1 000.0 000.0 000.0 003.4 000.0 494.5 000.0 074 090
-000.7 -02.2 001.3 000.0 000.0 000.0 003.5 000.0 852.3 000.0 075 085
0000.2 -00.4 000.6 000.0 000.0 000.0 006.1 000.0 285.1 000.0 076 091
0000.6 -00.2 001.7 000.0 000.0 000.0 004.6 000.0 283.4 000.0 077 090
0001.1 -01.6 005.1 000.0 000.0 000.0 002.8 000.0 1252.7 000.0 078 078
0000.0 -03.5 004.4 000.0 000.0 000.0 002.4 000.0 1352.9 000.0 079 084
0000.3 -04.2 006.6 000.0 000.0 000.0 003.6 000.0 1699.6 000.0 080 079
-000.3 -04.3 004.5 000.0 000.0 000.0 003.3 000.0 1521.7 000.0 081 086
0002.5 -01.8 008.1 000.0 000.0 000.0 003.6 000.0 1231.1 000.0 082 082
0003.9 -00.1 009.1 000.0 000.0 000.0 004.1 000.0 1144.3 001.2 083 083
0002.6 -00.3 003.6 000.0 000.0 000.0 002.7 000.0 250.4 005.1 084 099
-000.1 -01.1 001.6 000.0 000.0 000.0 001.9 000.0 384.2 000.0 085 098
0002.4 -00.6 007.3 000.0 000.0 000.0 003.1 000.0 1036.7 000.0 086 086
0001.8 -01.7 006.2 000.0 000.0 000.0 004.0 000.0 1989.4 000.0 087 057
0001.7 -02.6 005.8 000.0 000.0 000.0 003.9 000.0 1251.4 000.0 088 062
0001.3 -00.6 004.2 000.0 000.0 000.0 003.5 000.0 656.5 001.8 089 083
0000.6 -00.1 002.3 000.0 000.0 000.0 003.6 000.0 695.6 002.3 090 095
-000.4 -02.2 001.4 000.0 000.0 000.0 003.2 000.0 974.9 000.2 091 092
-000.6 -03.8 003.1 000.0 000.0 000.0 001.3 000.0 1601.4 000.0 092 083
-000.2 -04.0 003.2 000.0 000.0 000.0 001.5 000.0 1701.8 000.0 093 080
0001.0 -02.6 004.2 000.0 000.0 000.0 004.5 000.0 822.4 000.0 094 080
0003.0 -00.2 008.8 000.0 000.0 000.0 004.1 000.0 1221.5 000.0 095 083
0003.4 -00.3 006.7 000.0 000.0 000.0 002.0 000.0 369.5 000.0 096 094
0008.9 002.3 016.3 000.0 000.0 000.0 003.3 000.0 1854.1 000.0 097 069
0009.0 001.1 017.0 000.0 000.0 000.0 003.0 000.0 2100.8 000.0 098 062
0008.6 001.3 015.8 000.0 000.0 000.0 001.6 000.0 1947.8 000.0 099 068
0007.2 001.7 012.5 000.0 000.0 000.0 001.9 000.0 1474.5 000.0 100 080
0005.7 000.1 011.4 000.0 000.0 000.0 000.9 000.0 1356.7 002.0 101 082
0001.9 -01.9 005.8 000.0 000.0 000.0 004.1 000.0 325.7 002.2 102 088
-000.6 -03.7 002.1 000.0 000.0 000.0 005.1 000.0 1416.0 000.3 103 077
0000.7 -01.9 002.0 000.0 000.0 000.0 004.1 000.0 731.6 000.7 104 092
0004.7 000.4 009.2 000.0 000.0 000.0 004.1 000.0 2089.3 000.0 105 065
0006.1 -01.7 013.5 000.0 000.0 000.0 002.3 000.0 2344.6 000.0 106 051
0007.5 -00.6 014.0 000.0 000.0 000.0 001.5 000.0 2352.5 000.0 107 049
0008.9 -00.6 017.4 000.0 000.0 000.0 002.0 000.0 2320.7 000.0 108 051
0011.7 001.6 021.1 000.0 000.0 000.0 001.8 000.0 2228.3 000.0 109 049
0013.4 003.5 022.1 000.0 000.0 000.0 001.5 000.0 1999.9 000.0 110 053
0015.2 005.3 024.0 000.0 000.0 000.0 001.8 000.0 1954.3 000.0 111 053
0017.6 007.8 026.6 000.0 000.0 000.0 002.1 000.0 2225.4 000.0 112 051
0018.7 009.0 027.7 000.0 000.0 000.0 001.8 000.0 2133.8 000.0 113 051
0019.7 009.7 028.4 000.0 000.0 000.0 002.5 000.0 2200.3 000.0 114 052
0012.9 007.2 017.2 000.0 000.0 000.0 003.2 000.0 647.7 004.2 115 089
0011.5 006.2 016.7 000.0 000.0 000.0 003.0 000.0 1909.7 000.0 116 071
0010.0 005.4 014.6 000.0 000.0 000.0 004.1 000.0 1304.3 000.1 117 081
0010.4 001.9 017.7 000.0 000.0 000.0 001.5 000.0 2581.0 000.0 118 067
0012.4 005.2 019.2 000.0 000.0 000.0 001.8 000.0 1763.3 000.0 119 070
0009.5 006.2 013.3 000.0 000.0 000.0 002.1 000.0 1654.2 003.0 120 072
0008.6 004.4 013.4 000.0 000.0 000.0 001.7 000.0 869.5 000.0 121 085
0011.0 006.3 016.5 000.0 000.0 000.0 001.7 000.0 1954.1 000.0 122 083
0010.0 006.2 014.0 000.0 000.0 000.0 001.4 000.0 653.0 000.1 123 096
0011.0 005.1 019.1 000.0 000.0 000.0 002.1 000.0 1369.8 020.4 124 092
0009.0 006.5 010.8 000.0 000.0 000.0 004.9 000.0 582.7 004.2 125 083
0006.6 003.6 009.3 000.0 000.0 000.0 005.1 000.0 1418.3 000.0 126 065
0007.7 000.1 012.5 000.0 000.0 000.0 001.4 000.0 2328.5 000.0 127 065
0008.4 006.8 011.0 000.0 000.0 000.0 002.4 000.0 864.4 000.1 128 080
0007.0 005.7 008.6 000.0 000.0 000.0 003.8 000.0 389.3 017.0 129 094
0005.3 004.6 006.1 000.0 000.0 000.0 005.3 000.0 234.1 000.3 130 095
0005.3 004.1 006.2 000.0 000.0 000.0 002.0 000.0 451.5 003.6 131 098
0008.8 005.5 012.5 000.0 000.0 000.0 000.9 000.0 1122.5 000.0 132 089
0008.8 006.7 010.2 000.0 000.0 000.0 002.6 000.0 585.2 000.0 133 097
0013.4 008.2 019.2 000.0 000.0 000.0 002.5 000.0 1733.5 000.0 134 088
0013.2 010.3 018.1 000.0 000.0 000.0 003.8 000.0 2057.5 000.0 135 089
0011.8 009.7 015.6 000.0 000.0 000.0 003.0 000.0 1378.1 000.1 136 077
0009.3 007.1 011.4 000.0 000.0 000.0 001.5 000.0 1203.2 000.4 137 080
0012.1 008.1 017.2 000.0 000.0 000.0 001.8 000.0 972.4 000.9 138 094
0016.6 010.5 022.1 000.0 000.0 000.0 002.2 000.0 2169.9 004.8 139 076
0016.7 010.4 023.1 000.0 000.0 000.0 001.6 000.0 2137.8 000.2 140 083
0011.2 007.6 015.7 000.0 000.0 000.0 003.5 000.0 749.8 018.6 141 088
0011.8 005.6 017.1 000.0 000.0 000.0 004.3 000.0 2534.9 000.0 142 067
0011.9 008.1 015.1 000.0 000.0 000.0 002.3 000.0 1454.8 000.5 143 073
0010.9 005.7 013.6 000.0 000.0 000.0 003.2 000.0 1249.0 001.1 144 089
0014.9 010.5 019.6 000.0 000.0 000.0 003.9 000.0 1801.1 001.7 145 084
0014.9 011.8 019.2 000.0 000.0 000.0 003.5 000.0 1505.1 008.3 146 089
0012.0 008.3 015.7 000.0 000.0 000.0 004.4 000.0 2008.4 005.4 147 080
0012.7 009.2 016.7 000.0 000.0 000.0 003.5 000.0 1471.1 005.2 148 089
0008.1 005.8 011.3 000.0 000.0 000.0 005.6 000.0 980.3 003.3 149 087
0011.8 003.5 018.1 000.0 000.0 000.0 003.8 000.0 2590.0 000.0 150 064
0018.0 013.6 022.1 000.0 000.0 000.0 001.8 000.0 1486.6 000.0 151 078
0021.1 012.6 028.7 000.0 000.0 000.0 002.3 000.0 2846.5 000.0 152 066
0015.9 011.2 021.5 000.0 000.0 000.0 002.8 000.0 2198.9 000.3 153 082
0012.4 009.9 016.9 000.0 000.0 000.0 002.6 000.0 1013.2 002.5 154 086
0012.0 010.7 014.0 000.0 000.0 000.0 002.2 000.0 739.4 003.9 155 092
0015.5 010.4 020.6 000.0 000.0 000.0 001.5 000.0 2797.9 000.0 156 069
0017.6 011.4 023.0 000.0 000.0 000.0 001.1 000.0 2586.5 000.0 157 069
0019.9 011.6 027.4 000.0 000.0 000.0 002.1 000.0 3008.0 000.0 158 065
0022.2 013.4 029.1 000.0 000.0 000.0 001.3 000.0 2892.2 000.0 159 066
0023.9 016.5 032.0 000.0 000.0 000.0 001.9 000.0 2654.2 001.3 160 070
0021.4 016.5 026.9 000.0 000.0 000.0 001.3 000.0 2041.5 000.2 161 079
0020.5 014.6 025.8 000.0 000.0 000.0 002.1 000.0 2391.2 000.1 162 072
0021.7 014.1 028.4 000.0 000.0 000.0 001.2 000.0 2669.2 000.0 163 070
0020.9 013.1 026.1 000.0 000.0 000.0 003.5 000.0 2131.6 000.1 164 069
0013.0 008.9 016.7 000.0 000.0 000.0 004.4 000.0 2286.8 001.4 165 065
0012.7 009.5 016.9 000.0 000.0 000.0 003.7 000.0 2059.9 000.0 166 068
0014.3 007.1 019.8 000.0 000.0 000.0 002.6 000.0 2840.2 000.0 167 062
0014.1 009.5 018.0 000.0 000.0 000.0 002.4 000.0 2538.3 000.0 168 078
0015.2 007.1 022.7 000.0 000.0 000.0 001.9 000.0 2348.4 000.0 169 068
0015.6 011.7 018.4 000.0 000.0 000.0 003.9 000.0 1968.4 000.3 170 064
0011.7 009.3 013.8 000.0 000.0 000.0 004.8 000.0 1007.6 000.5 171 082
0011.4 008.4 014.4 000.0 000.0 000.0 003.6 000.0 1575.7 000.0 172 073
0011.2 006.7 016.5 000.0 000.0 000.0 003.1 000.0 1502.2 001.1 173 077
0011.8 007.1 015.5 000.0 000.0 000.0 002.2 000.0 1418.2 000.0 174 075
0012.1 010.3 014.4 000.0 000.0 000.0 002.5 000.0 899.3 000.0 175 082
0012.0 009.8 014.2 000.0 000.0 000.0 002.3 000.0 1078.3 000.0 176 079
0013.9 010.4 017.1 000.0 000.0 000.0 001.2 000.0 1047.4 000.0 177 082
0014.5 009.5 019.6 000.0 000.0 000.0 001.8 000.0 1987.3 000.0 178 077
0014.5 007.0 020.3 000.0 000.0 000.0 002.5 000.0 1549.5 000.0 179 076
0013.4 007.6 019.4 000.0 000.0 000.0 002.5 000.0 1785.2 000.0 180 072
0014.3 010.2 021.8 000.0 000.0 000.0 002.4 000.0 1033.1 028.3 181 090
0012.5 010.4 015.5 000.0 000.0 000.0 004.5 000.0 1064.0 001.7 182 089
0014.1 011.0 017.6 000.0 000.0 000.0 003.6 000.0 1632.5 002.6 183 086
0013.0 009.7 017.4 000.0 000.0 000.0 003.9 000.0 1823.6 001.7 184 081
0014.7 009.1 019.8 000.0 000.0 000.0 002.7 000.0 2046.7 000.0 185 073
0017.7 013.6 022.1 000.0 000.0 000.0 004.1 000.0 1512.0 000.3 186 078
0018.6 013.7 024.1 000.0 000.0 000.0 002.7 000.0 2070.7 033.5 187 080
0014.1 010.6 017.5 000.0 000.0 000.0 003.2 000.0 920.5 004.4 188 094
0014.0 009.7 018.6 000.0 000.0 000.0 001.9 000.0 1939.5 000.1 189 078
0012.0 011.0 013.0 000.0 000.0 000.0 003.2 000.0 315.7 015.5 190 097
0012.1 011.3 014.0 000.0 000.0 000.0 006.4 000.0 788.8 005.8 191 088
0014.7 009.1 020.0 000.0 000.0 000.0 005.2 000.0 2250.8 000.0 192 069
0013.8 009.9 015.8 000.0 000.0 000.0 003.1 000.0 627.2 001.7 193 098
0016.5 013.9 019.2 000.0 000.0 000.0 002.7 000.0 1219.6 000.3 194 083
0018.1 014.8 021.7 000.0 000.0 000.0 002.6 000.0 1902.2 000.2 195 082
0019.6 015.8 023.2 000.0 000.0 000.0 003.3 000.0 1847.3 000.0 196 081
0015.2 012.6 017.8 000.0 000.0 000.0 003.5 000.0 2191.4 000.0 197 071
0014.1 010.7 019.1 000.0 000.0 000.0 003.8 000.0 2266.9 000.0 198 070
0014.5 008.1 019.8 000.0 000.0 000.0 003.7 000.0 2644.0 000.0 199 069
0012.1 009.9 016.4 000.0 000.0 000.0 002.9 000.0 1250.4 014.8 200 088
0012.5 007.0 017.6 000.0 000.0 000.0 001.9 000.0 2409.1 000.1 201 074
0013.4 005.8 019.1 000.0 000.0 000.0 000.9 000.0 2629.6 000.0 202 070
0014.9 006.6 021.0 000.0 000.0 000.0 000.7 000.0 2205.4 000.0 203 068
0016.3 008.3 022.9 000.0 000.0 000.0 001.1 000.0 2584.7 000.0 204 069
0018.6 009.9 025.4 000.0 000.0 000.0 003.0 000.0 2555.6 000.0 205 063
0016.7 013.5 019.3 000.0 000.0 000.0 002.0 000.0 989.4 019.9 206 093
0015.8 014.0 018.1 000.0 000.0 000.0 002.4 000.0 1110.4 001.9 207 095
0014.5 011.3 015.8 000.0 000.0 000.0 002.8 000.0 771.3 000.0 208 094
0017.8 010.7 023.5 000.0 000.0 000.0 001.6 000.0 2608.7 000.1 209 072
0017.1 013.0 020.3 000.0 000.0 000.0 001.0 000.0 1313.5 000.0 210 084
0017.1 012.9 021.6 000.0 000.0 000.0 001.9 000.0 2091.5 000.0 211 080
0016.9 014.7 021.1 000.0 000.0 000.0 001.6 000.0 1309.1 006.2 212 093
0017.0 011.8 021.4 000.0 000.0 000.0 001.6 000.0 1402.0 000.0 213 087
0019.8 013.8 025.1 000.0 000.0 000.0 001.3 000.0 1936.1 000.3 214 077
0018.2 015.3 022.1 000.0 000.0 000.0 002.1 000.0 2191.1 002.7 215 076
0015.6 009.8 019.1 000.0 000.0 000.0 001.8 000.0 2092.1 000.0 216 073
0014.5 007.5 020.0 000.0 000.0 000.0 001.2 000.0 1968.0 000.0 217 075
0015.4 008.9 021.6 000.0 000.0 000.0 001.8 000.0 2434.7 000.8 218 078
0016.5 012.4 021.6 000.0 000.0 000.0 001.8 000.0 2032.9 000.0 219 078
0017.5 011.0 023.4 000.0 000.0 000.0 002.3 000.0 2176.9 000.0 220 073
0017.9 012.3 023.1 000.0 000.0 000.0 001.1 000.0 1436.4 000.0 221 081
0019.5 014.2 025.1 000.0 000.0 000.0 002.9 000.0 2321.1 000.0 222 061
0018.4 011.2 024.7 000.0 000.0 000.0 003.9 000.0 2401.1 000.0 223 063
0020.3 013.1 027.0 000.0 000.0 000.0 003.7 000.0 1916.5 000.0 224 068
0018.9 016.9 021.6 000.0 000.0 000.0 002.5 000.0 828.1 000.0 225 083
0016.5 014.9 019.6 000.0 000.0 000.0 001.1 000.0 874.4 010.3 226 094
0016.5 012.3 021.5 000.0 000.0 000.0 001.5 000.0 1926.7 000.0 227 083
0015.3 012.5 018.1 000.0 000.0 000.0 003.0 000.0 641.0 001.8 228 096
0016.3 015.1 018.5 000.0 000.0 000.0 002.8 000.0 670.7 002.7 229 097
0018.1 014.8 023.2 000.0 000.0 000.0 001.2 000.0 1625.5 000.0 230 085
0017.7 013.5 024.5 000.0 000.0 000.0 000.9 000.0 1732.7 000.0 231 085
0019.8 013.4 026.9 000.0 000.0 000.0 001.1 000.0 2207.9 000.0 232 072
0020.7 013.8 029.2 000.0 000.0 000.0 001.8 000.0 2123.3 000.0 233 068
0020.3 013.3 028.3 000.0 000.0 000.0 001.9 000.0 1995.1 000.0 234 069
0019.7 013.2 027.6 000.0 000.0 000.0 001.7 000.0 1938.4 009.8 235 076
0020.0 013.3 027.1 000.0 000.0 000.0 001.8 000.0 2017.9 000.0 236 075
0019.0 014.4 027.8 000.0 000.0 000.0 001.0 000.0 1456.4 009.6 237 086
0016.9 014.5 021.1 000.0 000.0 000.0 001.3 000.0 1136.7 001.1 238 092
0017.2 012.7 023.4 000.0 000.0 000.0 001.4 000.0 1920.7 000.1 239 078
0015.9 010.8 019.9 000.0 000.0 000.0 001.2 000.0 890.8 005.0 240 090
0017.2 014.0 022.2 000.0 000.0 000.0 002.2 000.0 895.7 002.1 241 093
0016.5 011.8 020.7 000.0 000.0 000.0 003.4 000.0 1889.9 000.1 242 070
0016.1 012.6 021.2 000.0 000.0 000.0 003.1 000.0 1526.4 000.0 243 070
0014.6 012.1 018.9 000.0 000.0 000.0 002.7 000.0 1248.9 001.3 244 089
0012.8 007.8 017.4 000.0 000.0 000.0 001.7 000.0 1543.0 000.0 245 079
0012.9 006.2 018.2 000.0 000.0 000.0 000.8 000.0 1325.0 000.0 246 076
0014.9 009.2 020.5 000.0 000.0 000.0 001.4 000.0 1843.9 000.0 247 077
0013.6 007.7 019.0 000.0 000.0 000.0 001.1 000.0 1348.2 000.0 248 085
0011.7 007.8 017.2 000.0 000.0 000.0 002.2 000.0 1385.9 001.8 249 082
0009.5 007.4 013.5 000.0 000.0 000.0 003.7 000.0 1184.8 002.6 250 086
0012.1 009.5 015.2 000.0 000.0 000.0 003.9 000.0 1554.0 001.3 251 076
0011.1 008.2 014.4 000.0 000.0 000.0 002.7 000.0 1090.0 001.8 252 086
0010.8 006.1 015.7 000.0 000.0 000.0 002.0 000.0 1205.7 002.7 253 085
0010.2 004.1 014.9 000.0 000.0 000.0 002.8 000.0 996.1 000.2 254 085
0010.7 007.0 014.1 000.0 000.0 000.0 002.9 000.0 1647.8 000.2 255 069
0010.2 008.6 013.1 000.0 000.0 000.0 003.1 000.0 712.6 003.8 256 095
0009.8 006.3 012.4 000.0 000.0 000.0 001.2 000.0 863.2 010.4 257 090
0011.1 006.6 014.6 000.0 000.0 000.0 002.6 000.0 1226.0 001.1 258 085
0009.7 006.4 014.3 000.0 000.0 000.0 002.9 000.0 1333.2 000.9 259 083
0010.0 005.5 013.8 000.0 000.0 000.0 003.3 000.0 1145.0 000.1 260 076
0009.2 007.7 011.6 000.0 000.0 000.0 002.1 000.0 445.7 000.1 261 091
0009.4 004.5 013.5 000.0 000.0 000.0 002.6 000.0 1492.6 000.0 262 080
0007.8 002.6 014.5 000.0 000.0 000.0 003.1 000.0 1596.7 000.0 263 081
0007.6 002.5 012.9 000.0 000.0 000.0 002.7 000.0 1074.9 000.0 264 076
0008.4 005.2 012.3 000.0 000.0 000.0 003.0 000.0 619.7 000.0 265 085
0008.6 002.5 014.5 000.0 000.0 000.0 003.0 000.0 1464.2 000.0 266 073
0008.8 004.0 013.2 000.0 000.0 000.0 002.5 000.0 707.9 000.0 267 083
0008.9 006.8 011.1 000.0 000.0 000.0 001.5 000.0 485.9 002.0 268 088
0007.8 006.8 008.8 000.0 000.0 000.0 000.9 000.0 348.0 002.3 269 099
0009.4 006.6 012.0 000.0 000.0 000.0 001.1 000.0 771.7 000.1 270 090
0009.8 003.6 016.3 000.0 000.0 000.0 002.5 000.0 798.8 004.3 271 092
0011.9 008.1 015.1 000.0 000.0 000.0 003.6 000.0 1030.4 000.1 272 084
0010.5 007.6 013.3 000.0 000.0 000.0 004.8 000.0 389.9 004.7 273 094
0015.4 012.2 018.7 000.0 000.0 000.0 004.5 000.0 646.9 000.8 274 088
0014.5 010.2 018.1 000.0 000.0 000.0 003.1 000.0 817.1 006.1 275 085
0009.6 006.0 012.9 000.0 000.0 000.0 003.1 000.0 812.5 010.2 276 091
0009.1 005.1 014.3 000.0 000.0 000.0 003.0 000.0 1306.7 000.1 277 085
0010.1 008.1 012.6 000.0 000.0 000.0 004.2 000.0 435.8 000.8 278 089
0008.6 004.6 012.5 000.0 000.0 000.0 001.3 000.0 899.5 000.1 279 095
0009.9 005.2 014.3 000.0 000.0 000.0 000.5 000.0 945.7 000.1 280 087
0009.1 003.7 014.5 000.0 000.0 000.0 000.2 000.0 1026.7 007.1 281 087
0011.7 009.2 014.6 000.0 000.0 000.0 000.2 000.0 491.0 000.1 282 095
0011.7 009.1 015.2 000.0 000.0 000.0 000.2 000.0 567.8 000.2 283 094
0009.5 003.2 012.6 000.0 000.0 000.0 000.7 000.0 600.2 000.0 284 089
0006.0 000.7 012.0 000.0 000.0 000.0 000.6 000.0 1004.7 000.0 285 087
0007.7 001.6 016.2 000.0 000.0 000.0 000.6 000.0 973.1 000.0 286 086
0007.9 001.2 016.7 000.0 000.0 000.0 000.1 000.0 929.4 000.0 287 092
0007.3 003.3 013.4 000.0 000.0 000.0 000.5 000.0 710.1 000.1 288 096
0008.4 003.2 016.7 000.0 000.0 000.0 000.6 000.0 787.7 000.1 289 094
0010.7 005.8 017.6 000.0 000.0 000.0 000.7 000.0 663.6 000.1 290 094
0011.1 010.3 012.4 000.0 000.0 000.0 001.9 000.0 183.9 003.7 291 099
0009.9 008.5 011.6 000.0 000.0 000.0 001.3 000.0 401.3 000.0 292 095
0010.1 006.4 013.8 000.0 000.0 000.0 002.5 000.0 954.5 000.8 293 086
0008.1 005.9 011.9 000.0 000.0 000.0 003.5 000.0 434.3 011.3 294 096
0007.5 006.0 008.8 000.0 000.0 000.0 001.5 000.0 327.7 003.4 295 098
0009.1 006.0 011.1 000.0 000.0 000.0 004.0 000.0 277.3 001.4 296 095
0006.2 003.9 010.4 000.0 000.0 000.0 001.8 000.0 573.1 000.0 297 096
0006.2 003.7 009.9 000.0 000.0 000.0 001.3 000.0 470.3 000.1 298 092
0004.4 000.2 010.1 000.0 000.0 000.0 003.2 000.0 890.5 000.0 299 087
0004.6 000.1 009.8 000.0 000.0 000.0 002.3 000.0 786.9 000.2 300 092
0008.7 004.4 011.8 000.0 000.0 000.0 003.2 000.0 447.7 005.4 301 094
0011.6 009.8 013.2 000.0 000.0 000.0 004.8 000.0 189.1 005.0 302 096
0010.5 008.3 012.0 000.0 000.0 000.0 006.8 000.0 279.7 006.7 303 086
0007.6 006.0 009.1 000.0 000.0 000.0 008.1 000.0 429.1 004.7 304 080
0008.5 007.4 010.5 000.0 000.0 000.0 005.2 000.0 433.1 000.3 305 085
0008.6 006.2 011.6 000.0 000.0 000.0 002.3 000.0 227.5 000.0 306 086
0010.6 008.1 012.7 000.0 000.0 000.0 000.0 000.0 213.4 001.9 307 093
0013.2 012.6 014.4 000.0 000.0 000.0 000.0 000.0 210.5 000.5 308 094
0012.6 010.6 015.3 000.0 000.0 000.0 000.0 000.0 630.8 000.0 309 081
0011.6 008.5 014.7 000.0 000.0 000.0 000.0 000.0 435.7 000.0 310 066
0009.0 006.6 011.1 000.0 000.0 000.0 000.0 000.0 281.4 000.8 311 077
0009.0 005.9 011.4 000.0 000.0 000.0 000.0 000.0 247.9 004.3 312 083
0005.1 002.2 007.7 000.0 000.0 000.0 000.0 000.0 502.5 000.0 313 087
0004.0 000.4 007.6 000.0 000.0 000.0 000.0 000.0 379.0 000.8 314 095
0004.7 003.2 006.0 000.0 000.0 000.0 000.0 000.0 389.2 000.4 315 096
0005.9 003.8 009.4 000.0 000.0 000.0 001.2 000.0 406.3 009.9 316 095
0004.0 003.4 004.4 000.0 000.0 000.0 002.3 000.0 053.3 000.0 317 099
0006.2 004.3 010.8 000.0 000.0 000.0 002.7 000.0 056.0 000.0 318 088
0002.8 000.6 005.4 000.0 000.0 000.0 001.5 000.0 388.0 000.0 319 090
0001.1 -02.1 003.8 000.0 000.0 000.0 001.3 000.0 056.0 000.0 320 096
0003.5 001.2 004.5 000.0 000.0 000.0 000.9 000.0 056.0 000.0 321 091
0004.5 003.5 005.0 000.0 000.0 000.0 000.6 000.0 056.0 000.0 322 097
0005.2 001.8 006.2 000.0 000.0 000.0 002.0 000.0 056.0 005.0 323 096
0002.8 001.8 008.7 000.0 000.0 000.0 004.4 000.0 056.0 001.0 324 093
0003.8 000.8 006.3 000.0 000.0 000.0 002.6 000.0 056.0 000.0 325 092
0004.4 002.1 005.5 000.0 000.0 000.0 004.8 000.0 040.0 000.0 326 088
0004.0 002.7 005.5 000.0 000.0 000.0 004.9 000.0 127.0 000.0 327 078
0000.5 -01.0 003.9 000.0 000.0 000.0 002.5 000.0 040.0 000.0 328 081
-000.3 -04.4 001.1 000.0 000.0 000.0 001.7 000.0 047.0 000.0 329 095
-000.3 -02.8 002.0 000.0 000.0 000.0 002.7 000.0 537.0 000.0 330 090
0000.1 -00.4 000.9 000.0 000.0 000.0 003.2 000.0 040.0 000.0 331 090
-001.1 -01.9 000.6 000.0 000.0 000.0 002.6 000.0 040.0 001.0 332 096
0000.4 -02.2 001.7 000.0 000.0 000.0 001.9 000.0 040.0 003.0 333 097
-000.2 -02.3 001.4 000.0 000.0 000.0 003.4 000.0 163.0 001.0 334 090
0001.0 -00.1 001.7 000.0 000.0 000.0 002.4 000.0 040.0 007.0 335 098
0001.3 000.8 001.9 000.0 000.0 000.0 001.4 000.0 025.0 002.0 336 097
0003.8 000.7 005.8 000.0 000.0 000.0 003.0 000.0 025.0 003.0 337 096
0004.1 002.6 006.1 000.0 000.0 000.0 002.8 000.0 189.0 000.0 338 092
0004.1 002.3 007.7 000.0 000.0 000.0 002.6 000.0 264.3 000.0 339 073
-000.3 -02.3 002.1 000.0 000.0 000.0 001.6 000.0 360.8 000.0 340 098
-002.3 -03.6 -00.5 000.0 000.0 000.0 001.4 000.0 316.3 000.0 341 099
-001.8 -02.8 -01.2 000.0 000.0 000.0 002.2 000.0 087.1 000.0 342 099
-001.2 -02.0 -00.6 000.0 000.0 000.0 001.9 000.0 072.3 000.0 343 099
-001.9 -02.8 -01.1 000.0 000.0 000.0 003.1 000.0 071.8 000.0 344 099
-001.0 -01.5 -00.6 000.0 000.0 000.0 003.3 000.0 069.5 000.0 345 099
-001.4 -01.9 -00.6 000.0 000.0 000.0 002.0 000.0 080.2 000.0 346 099
-000.3 -01.0 000.2 000.0 000.0 000.0 003.1 000.0 067.4 000.0 347 098
0000.1 -00.5 000.7 000.0 000.0 000.0 002.6 000.0 110.6 000.0 348 098
-002.2 -05.4 -00.4 000.0 000.0 000.0 002.4 000.0 429.1 000.0 349 083
0000.9 -02.0 004.7 000.0 000.0 000.0 006.8 000.0 109.3 001.5 350 083
-002.4 -05.1 -00.7 000.0 000.0 000.0 001.8 000.0 204.2 000.0 351 088
-000.1 -01.6 001.3 000.0 000.0 000.0 001.2 000.0 179.3 000.0 352 099
0000.9 000.1 002.0 000.0 000.0 000.0 001.8 000.0 089.7 000.0 353 099
-000.3 -02.7 001.6 000.0 000.0 000.0 002.8 000.0 211.9 001.3 354 091
-004.0 -06.9 -02.6 000.0 000.0 000.0 002.6 000.0 249.9 000.0 355 078
-007.3 -09.1 -03.5 000.0 000.0 000.0 000.9 000.0 496.3 000.0 356 089
-005.6 -08.8 -03.4 000.0 000.0 000.0 002.0 000.0 130.4 000.0 357 090
-005.3 -06.4 -03.2 000.0 000.0 000.0 002.3 000.0 134.2 000.0 358 095
-006.9 -08.7 -05.3 000.0 000.0 000.0 001.6 000.0 328.7 000.0 359 095
-005.4 -09.1 -01.1 000.0 000.0 000.0 001.8 000.0 445.6 000.0 360 089
-007.4 -09.8 -05.4 000.0 000.0 000.0 001.3 000.0 216.5 000.0 361 096
-009.6 -12.4 -07.7 000.0 000.0 000.0 002.3 000.0 206.8 000.0 362 093
-014.1 -16.1 -11.7 000.0 000.0 000.0 001.5 000.0 328.8 000.0 363 091
-012.1 -16.4 -09.7 000.0 000.0 000.0 003.6 000.0 140.3 001.8 364 089
-013.5 -16.2 -10.7 000.0 000.0 000.0 001.9 000.0 482.2 000.0 365 090
-015.5 -17.7 -13.3 000.0 000.0 000.0 002.1 000.0 342.4 000.0 366 088
