Tp_av Tpmin Tpmax T_s10 T_s20 vappd wind  sundu   radia  prec tagesnummer  RF
C_deg C_deg C_deg C_deg C_deg  mm_Hg  m/se  hours J/cm² mm  jday  %
50    ----- ----- ----- ----- -----  02 m  ----- ------ -- - -
-007.4 -09.9 -03.1 000.0 000.0 000.0 002.1 000.0 382.1 000.0 001 092
-010.7 -13.6 -08.5 000.0 000.0 000.0 003.3 000.0 424.9 000.0 002 085
-013.2 -15.8 -09.1 000.0 000.0 000.0 003.8 000.0 405.1 000.0 003 079
-012.6 -15.3 -09.9 000.0 000.0 000.0 004.4 000.0 394.6 000.0 004 079
-005.9 -13.1 000.1 000.0 000.0 000.0 004.7 000.0 412.1 000.0 005 068
0002.3 -00.1 004.1 000.0 000.0 000.0 006.3 000.0 096.6 003.0 006 054
0003.1 000.4 005.3 000.0 000.0 000.0 003.3 000.0 212.7 006.9 007 054
0002.9 000.2 007.1 000.0 000.0 000.0 005.7 000.0 188.1 000.1 008 054
0002.2 -00.5 005.7 000.0 000.0 000.0 006.0 000.0 321.4 002.5 009 054
0007.4 006.4 008.4 000.0 000.0 000.0 006.8 000.0 207.3 001.3 010 054
0009.1 007.6 010.4 000.0 000.0 000.0 008.8 000.0 169.0 001.2 011 054
0004.0 001.8 007.6 000.0 000.0 000.0 005.9 000.0 118.3 007.9 012 054
0004.2 002.5 008.5 000.0 000.0 000.0 007.7 000.0 366.1 000.0 013 054
0006.8 003.5 012.3 000.0 000.0 000.0 009.6 000.0 361.0 001.1 014 051
0003.9 000.5 008.4 000.0 000.0 000.0 006.4 000.0 390.2 000.0 015 050
0010.9 009.2 012.1 000.0 000.0 000.0 008.5 000.0 368.9 000.0 016 047
0009.2 007.2 011.8 000.0 000.0 000.0 006.7 000.0 505.3 000.0 017 047
0005.3 002.0 008.6 000.0 000.0 000.0 005.9 000.0 378.8 000.0 018 047
0002.9 000.2 005.4 000.0 000.0 000.0 006.5 000.0 279.9 001.0 019 047
0006.6 003.8 009.1 000.0 000.0 000.0 006.7 000.0 127.3 003.0 020 047
0007.7 006.3 009.6 000.0 000.0 000.0 007.9 000.0 340.3 002.2 021 047
0009.4 004.3 012.6 000.0 000.0 000.0 010.3 000.0 226.1 001.2 022 046
0004.0 002.1 005.3 000.0 000.0 000.0 008.4 000.0 354.6 003.4 023 045
0007.6 002.8 010.2 000.0 000.0 000.0 011.8 000.0 316.1 001.9 024 044
0002.1 -00.9 004.8 000.0 000.0 000.0 008.5 000.0 248.2 000.7 025 044
0001.0 -00.5 002.1 000.0 000.0 000.0 009.8 000.0 142.2 007.2 026 044
-001.9 -04.7 000.2 000.0 000.0 000.0 003.7 000.0 739.6 001.1 027 044
-002.4 -05.8 -00.8 000.0 000.0 000.0 002.7 000.0 436.2 000.0 028 044
-004.3 -06.3 -02.8 000.0 000.0 000.0 001.7 000.0 324.2 000.0 029 044
-005.4 -07.7 -02.8 000.0 000.0 000.0 001.6 000.0 586.0 000.0 030 044
-006.2 -09.4 -00.4 000.0 000.0 000.0 001.1 000.0 758.8 000.0 031 044
-002.7 -07.8 -00.1 000.0 000.0 000.0 001.1 000.0 199.9 000.0 032 044
-002.9 -06.7 -00.3 000.0 000.0 000.0 002.5 000.0 655.3 000.0 033 044
-000.6 -02.1 -00.1 000.0 000.0 000.0 004.2 000.0 245.9 000.0 034 044
-001.0 -02.4 000.6 000.0 000.0 000.0 004.6 000.0 300.5 000.0 035 044
0000.1 -00.7 001.5 000.0 000.0 000.0 006.8 000.0 177.9 000.0 036 044
0001.6 000.5 002.5 000.0 000.0 000.0 004.4 000.0 146.3 002.4 037 044
-000.2 -02.5 001.6 000.0 000.0 000.0 001.4 000.0 448.9 000.0 038 044
0001.8 -00.2 004.0 000.0 000.0 000.0 002.7 000.0 402.6 000.0 039 044
0002.8 002.2 003.8 000.0 000.0 000.0 001.4 000.0 191.2 000.1 040 044
0000.5 -00.6 002.3 000.0 000.0 000.0 002.4 000.0 182.2 000.0 041 044
-000.6 -01.2 000.1 000.0 000.0 000.0 001.7 000.0 221.1 000.0 042 044
0000.6 -01.0 005.0 000.0 000.0 000.0 002.4 000.0 646.3 000.0 043 044
-000.7 -01.2 -00.3 000.0 000.0 000.0 000.8 000.0 132.4 000.0 044 044
0000.7 -00.6 002.4 000.0 000.0 000.0 002.0 000.0 280.1 000.0 045 044
0001.1 -02.0 003.0 000.0 000.0 000.0 003.3 000.0 540.1 000.0 046 044
-000.8 -02.3 000.3 000.0 000.0 000.0 003.9 000.0 374.2 000.8 047 044
0002.8 000.0 006.3 000.0 000.0 000.0 005.8 000.0 231.2 004.1 048 044
0001.9 -00.9 003.5 000.0 000.0 000.0 004.5 000.0 538.0 000.4 049 044
0002.8 001.8 003.9 000.0 000.0 000.0 007.1 000.0 400.1 003.9 050 044
0001.6 -00.5 004.1 000.0 000.0 000.0 007.0 000.0 891.7 003.4 051 041
-001.0 -04.0 001.3 000.0 000.0 000.0 006.1 000.0 472.0 000.8 052 039
-004.4 -07.8 -01.8 000.0 000.0 000.0 003.8 000.0 1169.0  000.0 053 039
-003.4 -07.2 -00.9 000.0 000.0 000.0 003.9 000.0 637.6 000.0 054 039
-000.9 -01.3 -00.5 000.0 000.0 000.0 005.3 000.0 348.7 000.8 055 039
-000.8 -01.2 -00.4 000.0 000.0 000.0 003.3 000.0 261.4 000.3 056 039
-002.0 -05.5 001.5 000.0 000.0 000.0 002.2 000.0 736.0 000.1 057 039
-002.7 -08.1 002.4 000.0 000.0 000.0 002.3 000.0 611.2 000.7 058 039
-001.1 -04.2 001.4 000.0 000.0 000.0 002.6 000.0 524.9 000.0 059 039
0000.5 -01.1 003.7 000.0 000.0 000.0 005.6 000.0 1033.1  000.0 060 039
-001.3 -04.3 001.8 000.0 000.0 000.0 006.6 000.0 1057.6  000.0 061 039
-004.0 -06.7 -01.1 000.0 000.0 000.0 004.1 000.0 945.8 000.0 062 039
-003.8 -05.8 -00.9 000.0 000.0 000.0 001.6 000.0 1088.6  000.1 063 039
-002.8 -07.6 000.0 000.0 000.0 000.0 004.1 000.0 654.8 000.0 064 039
0002.5 000.2 005.6 000.0 000.0 000.0 004.0 000.0 1010.0  000.0 065 039
0001.8 -01.1 005.0 000.0 000.0 000.0 002.5 000.0 1058.1  000.0 066 039
-000.3 -02.2 002.9 000.0 000.0 000.0 001.3 000.0 795.5 000.0 067 039
-000.7 -04.7 004.0 000.0 000.0 000.0 002.1 000.0 1379.9  000.0 068 039
0001.9 -04.7 007.6 000.0 000.0 000.0 002.7 000.0 1177.0  000.0 069 039
0001.5 -01.0 004.3 000.0 000.0 000.0 002.0 000.0 810.5 000.0 070 039
0002.7 -03.9 008.6 000.0 000.0 000.0 000.9 000.0 1013.8  000.0 071 039
0005.4 -00.1 012.3 000.0 000.0 000.0 001.4 000.0 997.7 000.0 072 039
0006.7 001.6 013.6 000.0 000.0 000.0 001.5 000.0 1043.6  000.0 073 039
0008.3 002.1 015.1 000.0 000.0 000.0 002.2 000.0 1260.2  000.0 074 037
0010.4 007.6 015.5 000.0 000.0 000.0 006.1 000.0 899.1 001.8 075 034
0008.1 007.0 009.6 000.0 000.0 000.0 007.9 000.0 279.5 000.5 076 034
0009.8 005.8 010.7 000.0 000.0 000.0 007.6 000.0 310.1 001.4 077 034
0005.4 002.6 008.1 000.0 000.0 000.0 007.8 000.0 983.6 000.2 078 034
0006.6 004.1 010.0 000.0 000.0 000.0 006.3 000.0 1225.3  000.0 079 034
0008.0 001.2 015.0 000.0 000.0 000.0 003.3 000.0 1357.6  000.0 080 034
0010.3 006.4 014.3 000.0 000.0 000.0 002.9 000.0 709.6 000.1 081 034
0008.1 004.6 009.7 000.0 000.0 000.0 006.2 000.0 1117.7  000.8 082 034
0004.7 002.0 007.9 000.0 000.0 000.0 005.7 000.0 1319.8  000.0 083 034
0002.5 -00.4 005.7 000.0 000.0 000.0 004.2 000.0 1046.2  000.7 084 034
0001.1 -02.3 005.6 000.0 000.0 000.0 003.2 000.0 1391.9  000.0 085 034
-000.1 -02.8 002.7 000.0 000.0 000.0 002.4 000.0 1084.3  000.1 086 034
0000.7 -01.9 004.4 000.0 000.0 000.0 003.7 000.0 1089.5  000.0 087 034
0000.1 -01.1 002.1 000.0 000.0 000.0 004.4 000.0 607.2 000.8 088 034
0000.8 -00.6 002.4 000.0 000.0 000.0 004.0 000.0 628.5 000.0 089 034
0003.1 -00.5 006.8 000.0 000.0 000.0 003.0 000.0 1407.1  000.0 090 034
0004.8 000.9 011.0 000.0 000.0 000.0 005.3 000.0 1163.8  000.0 091 034
0005.2 -00.6 011.0 000.0 000.0 000.0 005.2 000.0 1906.7  000.0 092 034
0005.5 004.2 007.1 000.0 000.0 000.0 002.4 000.0 459.3 000.0 093 034
0005.4 002.6 008.8 000.0 000.0 000.0 001.4 000.0 653.8 000.0 094 034
0005.5 -00.2 010.3 000.0 000.0 000.0 002.2 000.0 938.7 000.0 095 034
0006.9 004.6 011.0 000.0 000.0 000.0 003.6 000.0 1067.5  002.0 096 034
0006.7 004.9 009.9 000.0 000.0 000.0 003.2 000.0 971.9 003.8 097 034
0004.9 002.5 006.4 000.0 000.0 000.0 004.1 000.0 307.6 000.0 098 034
0001.4 -02.6 003.4 000.0 000.0 000.0 003.6 000.0 1105.5  000.0 099 034
0000.9 -04.2 006.2 000.0 000.0 000.0 002.6 000.0 2128.3  000.0 100 034
0002.3 -03.3 008.1 000.0 000.0 000.0 003.7 000.0 2278.3  000.0 101 034
0004.0 -02.1 010.1 000.0 000.0 000.0 003.1 000.0 2241.1  000.0 102 034
0005.6 -01.0 011.7 000.0 000.0 000.0 003.0 000.0 1974.1  000.0 103 034
0008.1 001.5 014.5 000.0 000.0 000.0 003.5 000.0 1722.0  000.0 104 034
0008.6 002.2 014.8 000.0 000.0 000.0 003.5 000.0 1989.6  000.0 105 034
0007.2 000.3 013.9 000.0 000.0 000.0 001.3 000.0 2149.9  000.0 106 033
0010.7 002.0 016.7 000.0 000.0 000.0 004.0 000.0 1742.9  000.0 107 032
0009.9 008.1 013.0 000.0 000.0 000.0 005.3 000.0 997.9 007.5 108 032
0006.7 003.2 010.4 000.0 000.0 000.0 005.6 000.0 2092.8  000.0 109 032
0007.0 000.4 012.6 000.0 000.0 000.0 002.4 000.0 1944.4  000.0 110 032
0013.8 003.6 022.9 000.0 000.0 000.0 004.2 000.0 1968.6  000.0 111 032
0016.1 009.6 022.0 000.0 000.0 000.0 002.4 000.0 2048.1  000.0 112 032
0015.1 009.2 020.0 000.0 000.0 000.0 002.6 000.0 2011.1  000.0 113 032
0018.1 009.4 026.9 000.0 000.0 000.0 004.7 000.0 2185.7  000.0 114 030
0020.1 012.4 027.1 000.0 000.0 000.0 005.3 000.0 2078.9  000.0 115 029
0020.2 012.0 027.6 000.0 000.0 000.0 004.4 000.0 2342.5  000.0 116 029
0018.7 009.8 026.7 000.0 000.0 000.0 001.7 000.0 2117.8  000.0 117 028
0019.5 011.9 027.2 000.0 000.0 000.0 002.9 000.0 2159.8  000.0 118 027
0019.3 011.3 026.7 000.0 000.0 000.0 003.6 000.0 2253.1  000.0 119 027
0019.2 011.9 026.4 000.0 000.0 000.0 003.9 000.0 2303.0  003.3 120 027
0018.6 010.8 025.9 000.0 000.0 000.0 002.8 000.0 2296.0  000.0 121 027
0016.7 010.9 025.0 000.0 000.0 000.0 002.9 000.0 1873.8  000.1 122 027
0011.2 007.6 014.0 000.0 000.0 000.0 003.0 000.0 545.8 000.0 123 027
0008.9 002.8 013.5 000.0 000.0 000.0 002.4 000.0 2599.2  000.0 124 027
0008.7 001.1 014.1 000.0 000.0 000.0 002.2 000.0 2450.5  000.0 125 027
0008.3 005.8 011.2 000.0 000.0 000.0 002.7 000.0 582.4 000.4 126 027
0014.9 008.0 023.6 000.0 000.0 000.0 002.0 000.0 1995.2  000.3 127 027
0017.9 010.3 024.8 000.0 000.0 000.0 002.8 000.0 2153.9  000.0 128 026
0018.7 012.1 026.0 000.0 000.0 000.0 003.5 000.0 2212.7  000.0 129 026
0018.2 011.4 024.5 000.0 000.0 000.0 002.5 000.0 2164.6  000.0 130 025
0019.7 013.1 026.6 000.0 000.0 000.0 003.4 000.0 2175.2  000.0 131 025
0019.5 011.3 026.1 000.0 000.0 000.0 003.2 000.0 2389.7  000.0 132 024
0019.6 010.5 027.8 000.0 000.0 000.0 002.4 000.0 2403.4  000.0 133 024
0019.8 013.1 025.8 000.0 000.0 000.0 002.2 000.0 2574.6  000.0 134 024
0016.0 011.2 019.9 000.0 000.0 000.0 002.1 000.0 1846.5  000.0 135 024
0012.6 005.7 016.4 000.0 000.0 000.0 002.6 000.0 1782.3  000.5 136 024
0014.2 005.3 021.5 000.0 000.0 000.0 002.8 000.0 2834.4  000.0 137 024
0017.0 008.3 024.4 000.0 000.0 000.0 003.7 000.0 2850.3  000.0 138 024
0020.4 012.2 027.5 000.0 000.0 000.0 003.5 000.0 2614.0  000.0 139 024
0022.1 013.7 029.2 000.0 000.0 000.0 003.0 000.0 2466.7  000.0 140 024
0019.2 015.3 028.7 000.0 000.0 000.0 003.0 000.0 1684.7  008.6 141 024
0013.2 011.8 015.5 000.0 000.0 000.0 002.7 000.0 327.2 002.6 142 024
0015.2 012.1 019.0 000.0 000.0 000.0 001.8 000.0 1274.8  000.0 143 024
0016.0 011.6 022.1 000.0 000.0 000.0 001.7 000.0 1898.3  000.0 144 024
0017.2 010.5 023.3 000.0 000.0 000.0 001.9 000.0 2238.0  000.0 145 024
0012.5 009.8 015.9 000.0 000.0 000.0 002.5 000.0 1280.2  000.0 146 024
0010.7 008.6 012.4 000.0 000.0 000.0 002.6 000.0 553.0 007.1 147 024
0014.0 011.1 019.1 000.0 000.0 000.0 002.5 000.0 1200.2  000.7 148 024
0011.5 008.8 015.5 000.0 000.0 000.0 005.0 000.0 1347.5  000.1 149 024
0016.1 007.9 022.9 000.0 000.0 000.0 002.3 000.0 2562.7  010.2 150 024
0014.7 010.8 019.1 000.0 000.0 000.0 004.4 000.0 2185.1  002.3 151 024
0014.5 009.3 018.9 000.0 000.0 000.0 003.8 000.0 2229.0  000.0 152 024
0016.3 008.6 021.9 000.0 000.0 000.0 001.7 000.0 2266.8  000.0 153 024
0014.8 012.1 018.3 000.0 000.0 000.0 002.6 000.0 1001.0  001.8 154 024
0015.4 009.6 021.5 000.0 000.0 000.0 002.8 000.0 2905.0  000.0 155 024
0015.8 005.6 023.5 000.0 000.0 000.0 001.0 000.0 3043.4  000.0 156 024
0018.1 009.8 024.1 000.0 000.0 000.0 001.2 000.0 1949.2  000.0 157 024
0016.5 010.0 021.0 000.0 000.0 000.0 002.7 000.0 2823.5  000.0 158 024
0016.8 009.4 022.7 000.0 000.0 000.0 001.6 000.0 2632.5  000.0 159 024
0018.6 009.8 025.4 000.0 000.0 000.0 002.5 000.0 3001.7  000.0 160 024
0022.0 012.8 029.8 000.0 000.0 000.0 003.0 000.0 2787.2  000.0 161 024
0021.6 016.0 025.1 000.0 000.0 000.0 002.8 000.0 1819.4  000.0 162 024
0014.1 011.5 017.8 000.0 000.0 000.0 004.7 000.0 343.0 032.0 163 024
0012.1 011.5 013.5 000.0 000.0 000.0 006.3 000.0 385.9 027.1 164 024
0013.2 010.4 016.5 000.0 000.0 000.0 004.1 000.0 1738.8  000.0 165 024
0012.5 008.9 015.8 000.0 000.0 000.0 003.9 000.0 1831.2  000.1 166 024
0012.5 007.0 017.3 000.0 000.0 000.0 003.9 000.0 1535.6  000.4 167 024
0014.2 012.2 017.4 000.0 000.0 000.0 004.7 000.0 1778.7  004.2 168 024
0014.8 010.1 017.8 000.0 000.0 000.0 003.8 000.0 1411.5  000.5 169 024
0015.0 013.8 016.1 000.0 000.0 000.0 003.2 000.0 783.3 006.4 170 024
0014.4 011.0 017.5 000.0 000.0 000.0 003.8 000.0 1777.1  007.5 171 024
0014.0 008.5 017.6 000.0 000.0 000.0 002.9 000.0 2402.1  000.0 172 024
0014.4 011.1 017.7 000.0 000.0 000.0 001.4 000.0 1873.6  000.0 173 024
0014.6 010.5 018.4 000.0 000.0 000.0 001.5 000.0 1604.4  001.0 174 024
0011.7 009.7 014.5 000.0 000.0 000.0 005.4 000.0 1964.2  005.6 175 024
0011.2 008.5 014.2 000.0 000.0 000.0 005.5 000.0 1863.7  000.1 176 052
0011.6 008.1 015.0 000.0 000.0 000.0 004.6 000.0 1629.2  000.0 177 076
0012.4 009.6 016.1 000.0 000.0 000.0 003.3 000.0 1249.0  000.7 178 080
0013.0 008.6 017.7 000.0 000.0 000.0 002.8 000.0 1862.0  002.0 179 077
0015.3 007.8 021.1 000.0 000.0 000.0 002.1 000.0 2057.3  000.0 180 075
0014.6 009.5 019.7 000.0 000.0 000.0 003.3 000.0 2738.6  000.0 181 069
0014.5 006.8 021.1 000.0 000.0 000.0 001.0 000.0 2475.7  000.0 182 073
0018.4 008.6 026.4 000.0 000.0 000.0 001.2 000.0 2975.1  000.0 183 063
0018.8 011.8 022.9 000.0 000.0 000.0 003.5 000.0 2136.5  000.0 184 066
0019.9 016.5 022.8 000.0 000.0 000.0 004.0 000.0 1574.9  000.0 185 075
0017.1 012.9 022.5 000.0 000.0 000.0 002.1 000.0 1365.3  000.1 186 081
0013.3 010.9 016.0 000.0 000.0 000.0 004.6 000.0 1454.1  014.0 187 074
0012.6 010.6 016.6 000.0 000.0 000.0 006.2 000.0 1800.9  004.1 188 081
0014.2 010.2 018.7 000.0 000.0 000.0 004.1 000.0 2031.4  000.0 189 072
0020.1 011.9 026.6 000.0 000.0 000.0 004.2 000.0 2774.2  000.0 190 057
0017.0 012.0 026.7 000.0 000.0 000.0 002.3 000.0 1470.0  000.8 191 082
0011.7 009.9 013.4 000.0 000.0 000.0 002.2 000.0 399.6 021.0 192 097
0012.5 009.7 016.3 000.0 000.0 000.0 004.0 000.0 1686.0  002.7 193 081
0011.9 008.8 015.4 000.0 000.0 000.0 003.9 000.0 1920.1  000.3 194 082
0014.5 007.8 019.2 000.0 000.0 000.0 002.1 000.0 2023.9  000.0 195 070
0015.0 012.5 018.2 000.0 000.0 000.0 002.0 000.0 1020.0  008.0 196 091
0016.5 012.8 021.3 000.0 000.0 000.0 001.3 000.0 1945.6  004.6 197 078
0018.0 012.9 022.3 000.0 000.0 000.0 003.1 000.0 1672.1  001.8 198 085
0017.1 013.0 022.0 000.0 000.0 000.0 003.0 000.0 2036.0  000.3 199 079
0017.1 012.1 021.8 000.0 000.0 000.0 001.2 000.0 1299.7  000.1 200 082
0016.8 012.3 021.1 000.0 000.0 000.0 002.5 000.0 1706.0  002.4 201 078
0013.8 010.7 017.0 000.0 000.0 000.0 004.0 000.0 1050.7  000.1 202 084
0014.7 010.7 018.8 000.0 000.0 000.0 003.8 000.0 1963.7  000.4 203 075
0014.6 011.6 018.3 000.0 000.0 000.0 004.4 000.0 1516.2  001.2 204 079
0018.2 014.2 022.8 000.0 000.0 000.0 004.5 000.0 1547.3  006.7 205 083
0017.3 011.9 022.9 000.0 000.0 000.0 004.6 000.0 1775.5  000.4 206 075
0013.8 010.1 020.2 000.0 000.0 000.0 004.9 000.0 1928.6  002.3 207 080
0013.8 010.0 018.9 000.0 000.0 000.0 004.6 000.0 1676.0  002.3 208 085
0016.0 013.3 019.2 000.0 000.0 000.0 004.4 000.0 1399.3  000.5 209 089
0017.2 011.8 021.3 000.0 000.0 000.0 002.5 000.0 1615.0  000.0 210 078
0022.8 015.9 028.8 000.0 000.0 000.0 002.4 000.0 2037.2  000.0 211 069
0016.9 012.6 021.7 000.0 000.0 000.0 003.4 000.0 903.7 003.4 212 089
0015.5 010.6 020.0 000.0 000.0 000.0 002.7 000.0 1851.3  000.0 213 076
0018.2 010.6 025.1 000.0 000.0 000.0 002.5 000.0 2164.3  000.1 214 068
0020.8 013.0 027.3 000.0 000.0 000.0 002.2 000.0 2153.9  001.6 215 067
0018.8 014.2 024.0 000.0 000.0 000.0 001.3 000.0 1819.9  000.0 216 079
0017.4 013.5 021.3 000.0 000.0 000.0 001.3 000.0 884.9 000.1 217 091
0015.2 013.5 016.9 000.0 000.0 000.0 005.9 000.0 1096.3  010.4 218 087
0015.6 012.6 019.3 000.0 000.0 000.0 005.4 000.0 1507.8  000.3 219 078
0016.4 013.3 019.3 000.0 000.0 000.0 001.6 000.0 935.0 001.5 220 088
0016.7 011.9 020.9 000.0 000.0 000.0 002.1 000.0 1665.4  002.2 221 085
0014.9 010.9 018.6 000.0 000.0 000.0 003.9 000.0 959.1 008.6 222 090
0013.8 009.1 017.6 000.0 000.0 000.0 004.2 000.0 1886.8  000.8 223 071
0019.5 012.9 024.6 000.0 000.0 000.0 004.4 000.0 1745.9  000.0 224 067
0015.5 009.7 019.2 000.0 000.0 000.0 004.1 000.0 1967.4  000.1 225 070
0016.8 007.3 025.0 000.0 000.0 000.0 002.9 000.0 2331.8  000.0 226 065
0021.6 013.0 030.5 000.0 000.0 000.0 002.1 000.0 1845.8  000.0 227 072
0021.1 016.0 026.3 000.0 000.0 000.0 002.5 000.0 1757.5  000.0 228 074
0016.5 010.7 019.6 000.0 000.0 000.0 003.6 000.0 2339.5  000.0 229 065
0013.8 008.5 018.0 000.0 000.0 000.0 003.2 000.0 1544.4  000.0 230 073
0014.1 009.8 019.1 000.0 000.0 000.0 002.0 000.0 1350.2  000.0 231 079
0016.8 009.4 022.9 000.0 000.0 000.0 002.9 000.0 1777.3  000.0 232 067
0016.5 011.9 020.4 000.0 000.0 000.0 004.5 000.0 1337.5  000.0 233 077
0014.7 010.5 019.3 000.0 000.0 000.0 002.6 000.0 1127.5  002.3 234 080
0012.7 010.0 016.7 000.0 000.0 000.0 004.0 000.0 1571.8  000.1 235 073
0012.9 007.9 017.7 000.0 000.0 000.0 004.2 000.0 1612.8  000.0 236 074
0012.5 009.8 017.6 000.0 000.0 000.0 003.9 000.0 1395.7  000.0 237 081
0012.3 009.8 016.3 000.0 000.0 000.0 002.5 000.0 1377.5  010.5 238 087
0011.3 007.7 016.0 000.0 000.0 000.0 001.4 000.0 986.6 008.6 239 090
0011.5 006.8 016.0 000.0 000.0 000.0 002.2 000.0 1878.6  000.0 240 079
0012.2 005.4 018.1 000.0 000.0 000.0 003.0 000.0 1640.3  000.0 241 075
0011.7 009.2 013.7 000.0 000.0 000.0 004.9 000.0 620.9 005.5 242 092
0011.8 008.8 014.8 000.0 000.0 000.0 003.3 000.0 732.0 002.2 243 090
0013.3 009.5 016.0 000.0 000.0 000.0 002.8 000.0 1145.5  002.2 244 090
0011.2 007.0 012.9 000.0 000.0 000.0 003.6 000.0 764.8 002.4 245 096
0013.1 011.3 014.8 000.0 000.0 000.0 004.0 000.0 989.9 005.7 246 092
0011.1 007.9 014.6 000.0 000.0 000.0 003.6 000.0 1132.3  008.7 247 086
0010.2 006.4 015.0 000.0 000.0 000.0 002.3 000.0 1388.0  005.7 248 084
0010.2 005.8 013.6 000.0 000.0 000.0 004.2 000.0 1023.3  000.9 249 089
0011.5 007.4 016.1 000.0 000.0 000.0 001.8 000.0 1065.7  000.0 250 085
0012.1 005.7 018.6 000.0 000.0 000.0 003.0 000.0 1132.1  001.4 251 088
0017.4 013.2 022.4 000.0 000.0 000.0 002.2 000.0 1446.5  011.7 252 085
0014.9 012.0 017.2 000.0 000.0 000.0 002.4 000.0 600.2 005.0 253 097
0014.4 010.8 018.5 000.0 000.0 000.0 003.0 000.0 1151.2  000.0 254 087
0010.7 007.9 013.4 000.0 000.0 000.0 001.4 000.0 404.3 000.0 255 096
0010.2 008.9 011.8 000.0 000.0 000.0 004.6 000.0 895.6 001.2 256 085
0012.0 009.8 014.6 000.0 000.0 000.0 003.3 000.0 590.0 013.7 257 093
0013.8 011.7 017.2 000.0 000.0 000.0 004.5 000.0 860.0 002.0 258 079
0011.6 010.1 013.1 000.0 000.0 000.0 003.6 000.0 320.0 017.4 259 097
0008.2 006.7 009.8 000.0 000.0 000.0 003.4 000.0 618.0 000.8 260 093
0008.3 006.5 010.7 000.0 000.0 000.0 002.7 000.0 715.1 001.4 261 093
0007.8 002.3 013.5 000.0 000.0 000.0 001.9 000.0 1711.8  000.0 262 078
0010.1 003.1 017.7 000.0 000.0 000.0 003.6 000.0 1567.6  000.0 263 077
0015.2 007.3 022.8 000.0 000.0 000.0 003.1 000.0 1181.3  000.0 264 084
0016.5 012.0 021.9 000.0 000.0 000.0 002.2 000.0 899.1 000.3 265 091
0015.4 012.4 017.8 000.0 000.0 000.0 003.6 000.0 803.2 000.0 266 091
0013.4 011.2 015.3 000.0 000.0 000.0 003.3 000.0 402.4 000.0 267 092
0015.6 010.8 021.3 000.0 000.0 000.0 003.1 000.0 1122.4  000.3 268 086
0012.4 009.6 014.8 000.0 000.0 000.0 003.0 000.0 524.9 012.9 269 090
0010.9 010.0 011.9 000.0 000.0 000.0 002.8 000.0 439.2 000.0 270 087
0011.1 007.6 014.1 000.0 000.0 000.0 001.3 000.0 756.5 000.0 271 092
0009.1 004.6 013.3 000.0 000.0 000.0 003.0 000.0 1397.8  000.0 272 079
0006.0 002.2 010.5 000.0 000.0 000.0 003.9 000.0 1340.9  000.0 273 074
0006.2 001.6 012.2 000.0 000.0 000.0 005.2 000.0 980.8 000.0 274 078
0011.9 006.5 017.4 000.0 000.0 000.0 004.8 000.0 1023.2  000.0 275 080
0012.7 010.7 015.4 000.0 000.0 000.0 005.6 000.0 386.5 001.9 276 079
0013.0 010.0 017.8 000.0 000.0 000.0 004.6 000.0 1219.7  000.0 277 078
0014.2 009.4 019.7 000.0 000.0 000.0 002.4 000.0 1089.0  000.0 278 082
0012.1 008.4 016.3 000.0 000.0 000.0 002.3 000.0 730.2 000.0 279 091
0012.7 008.4 017.5 000.0 000.0 000.0 002.0 000.0 850.1 000.0 280 089
0010.8 004.0 017.1 000.0 000.0 000.0 003.2 000.0 845.0 000.1 281 090
0012.4 008.6 014.2 000.0 000.0 000.0 003.3 000.0 290.3 006.0 282 096
0011.0 007.8 015.5 000.0 000.0 000.0 003.4 000.0 1069.3  000.0 283 082
0011.1 006.2 015.5 000.0 000.0 000.0 002.6 000.0 484.8 000.4 284 094
0013.4 007.6 018.9 000.0 000.0 000.0 004.1 000.0 522.7 000.3 285 086
0013.6 010.9 017.3 000.0 000.0 000.0 005.3 000.0 962.5 000.0 286 080
0012.0 009.4 013.6 000.0 000.0 000.0 003.7 000.0 356.4 001.4 287 091
0006.2 002.5 008.8 000.0 000.0 000.0 003.1 000.0 310.9 001.4 288 095
0004.9 001.6 008.6 000.0 000.0 000.0 003.6 000.0 828.7 000.0 289 088
0004.4 000.7 009.3 000.0 000.0 000.0 003.0 000.0 1077.7  000.0 290 082
0001.5 -02.5 007.8 000.0 000.0 000.0 001.8 000.0 973.4 000.0 291 085
0001.2 -02.9 009.5 000.0 000.0 000.0 001.1 000.0 900.0 000.0 292 079
0005.2 005.0 008.7 000.0 000.0 000.0 003.1 000.0 570.0 001.0 293 085
0006.2 004.3 008.1 000.0 000.0 000.0 001.1 000.0 420.0 000.3 294 086
0006.8 005.0 009.0 000.0 000.0 000.0 008.6 000.0 400.0 000.0 295 088
0005.6 004.8 006.3 000.0 000.0 000.0 006.1 000.0 240.0 000.0 296 082
0005.7 001.0 007.5 000.0 000.0 000.0 004.2 000.0 230.0 000.0 297 081
0004.7 001.8 008.9 000.0 000.0 000.0 002.5 000.0 380.0 000.0 298 087
0005.4 005.5 007.8 000.0 000.0 000.0 001.1 000.0 210.0 000.0 299 093
0007.2 006.4 008.6 000.0 000.0 000.0 000.0 000.0 200.0 000.0 300 093
0006.9 005.3 008.1 000.0 000.0 000.0 003.1 000.0 200.0 000.0 301 087
0003.6 000.1 005.5 000.0 000.0 000.0 002.1 000.0 131.4 001.5 302 090
0001.9 -01.2 007.8 000.0 000.0 000.0 002.0 000.0 822.5 000.0 303 089
0000.3 -03.1 005.8 000.0 000.0 000.0 000.8 000.0 564.0 000.0 304 095
-000.5 -02.7 004.6 000.0 000.0 000.0 000.6 000.0 496.6 000.0 305 098
0000.0 -03.0 001.6 000.0 000.0 000.0 001.8 000.0 286.1 000.0 306 099
0000.3 -01.0 001.2 000.0 000.0 000.0 002.1 000.0 253.0 000.0 307 099
0001.3 000.2 002.7 000.0 000.0 000.0 001.8 000.0 145.5 000.0 308 099
0002.6 000.6 005.0 000.0 000.0 000.0 003.3 000.0 204.9 000.0 309 099
0002.2 000.6 004.1 000.0 000.0 000.0 005.4 000.0 128.0 000.0 310 098
0004.9 004.5 005.2 000.0 000.0 000.0 002.3 000.0 114.0 004.8 311 098
0005.5 004.8 006.2 000.0 000.0 000.0 001.6 000.0 181.1 001.1 312 098
0005.5 004.8 006.2 000.0 000.0 000.0 003.4 000.0 141.1 003.1 313 097
0005.1 004.0 006.9 000.0 000.0 000.0 002.3 000.0 240.4 000.0 314 096
0002.5 001.2 005.5 000.0 000.0 000.0 004.8 000.0 224.0 000.5 315 091
0003.7 000.8 006.4 000.0 000.0 000.0 003.2 000.0 345.4 000.0 316 094
0001.5 -02.7 006.3 000.0 000.0 000.0 001.6 000.0 510.1 000.0 317 095
0000.8 -01.4 002.7 000.0 000.0 000.0 004.1 000.0 175.3 007.5 318 097
0001.2 -00.1 003.3 000.0 000.0 000.0 003.5 000.0 076.0 001.1 319 097
0001.1 000.6 001.7 000.0 000.0 000.0 002.0 000.0 134.2 000.0 320 093
-000.1 -02.6 001.2 000.0 000.0 000.0 000.7 000.0 183.8 000.0 321 093
-002.5 -04.2 -01.4 000.0 000.0 000.0 000.9 000.0 357.6 000.0 322 094
-001.3 -03.1 000.2 000.0 000.0 000.0 002.6 000.0 158.5 000.5 323 094
-004.5 -08.1 -00.4 000.0 000.0 000.0 004.9 000.0 345.6 000.3 324 088
-007.3 -08.4 -05.8 000.0 000.0 000.0 005.9 000.0 241.2 000.0 325 083
-004.4 -05.5 -03.3 000.0 000.0 000.0 003.1 000.0 181.1 006.0 326 094
-004.8 -10.3 -03.2 000.0 000.0 000.0 003.3 000.0 406.3 000.0 327 092
-008.6 -13.0 -05.3 000.0 000.0 000.0 001.8 000.0 273.4 000.0 328 096
-005.6 -07.6 -02.7 000.0 000.0 000.0 000.8 000.0 402.5 000.0 329 098
-005.3 -08.3 -02.6 000.0 000.0 000.0 000.8 000.0 152.0 000.0 330 099
-002.9 -03.6 -02.1 000.0 000.0 000.0 002.5 000.0 151.3 000.0 331 092
-003.1 -05.0 -01.7 000.0 000.0 000.0 002.9 000.0 244.6 000.1 332 092
-005.1 -06.9 -04.6 000.0 000.0 000.0 001.5 000.0 176.8 000.0 333 094
-008.3 -10.3 -06.4 000.0 000.0 000.0 002.9 000.0 175.3 000.0 334 097
-006.6 -07.6 -05.7 000.0 000.0 000.0 005.2 000.0 226.5 000.0 335 096
-000.7 -06.4 003.9 000.0 000.0 000.0 005.7 000.0 206.9 000.8 336 094
0006.2 003.6 008.5 000.0 000.0 000.0 006.6 000.0 114.5 000.0 337 094
0006.9 004.9 008.8 000.0 000.0 000.0 006.3 000.0 303.0 000.0 338 082
0005.1 003.3 008.4 000.0 000.0 000.0 006.1 000.0 196.6 000.0 339 085
0006.1 004.9 006.9 000.0 000.0 000.0 004.6 000.0 109.4 000.0 340 091
0003.2 001.3 004.9 000.0 000.0 000.0 005.8 000.0 321.8 003.1 341 087
0002.4 001.0 003.3 000.0 000.0 000.0 005.7 000.0 139.3 003.5 342 090
0005.8 003.0 007.7 000.0 000.0 000.0 009.2 000.0 119.8 019.0 343 088
0004.1 001.2 005.6 000.0 000.0 000.0 006.3 000.0 284.5 003.4 344 090
0004.0 002.3 005.6 000.0 000.0 000.0 007.3 000.0 184.1 000.5 345 082
0003.1 002.1 003.9 000.0 000.0 000.0 006.9 000.0 161.7 001.5 346 091
0001.9 -00.1 006.3 000.0 000.0 000.0 003.5 000.0 078.7 005.3 347 098
0002.3 -01.1 005.8 000.0 000.0 000.0 003.3 000.0 103.0 001.6 348 096
0001.0 -01.1 002.9 000.0 000.0 000.0 002.7 000.0 202.6 000.8 349 092
0004.3 002.6 005.5 000.0 000.0 000.0 006.8 000.0 206.0 002.4 350 079
0004.2 003.0 005.2 000.0 000.0 000.0 008.2 000.0 166.6 001.4 351 081
0003.5 000.3 006.5 000.0 000.0 000.0 005.0 000.0 242.0 000.3 352 095
0008.5 006.3 010.9 000.0 000.0 000.0 009.3 000.0 127.0 007.4 353 083
0004.0 002.1 007.2 000.0 000.0 000.0 006.2 000.0 149.5 000.0 354 077
0000.3 -01.5 002.1 000.0 000.0 000.0 001.2 000.0 223.6 000.1 355 098
0000.5 -01.1 001.2 000.0 000.0 000.0 005.5 000.0 178.1 001.6 356 093
0002.4 000.8 003.6 000.0 000.0 000.0 006.5 000.0 193.8 005.1 357 088
0000.7 000.1 001.2 000.0 000.0 000.0 002.9 000.0 085.7 002.4 358 098
-000.1 -00.4 000.5 000.0 000.0 000.0 000.2 000.0 059.9 009.0 359 099
0000.1 -00.5 000.5 000.0 000.0 000.0 001.2 000.0 061.0 003.2 360 099
-001.1 -01.9 000.3 000.0 000.0 000.0 001.8 000.0 235.2 000.0 361 098
-001.9 -05.7 -00.6 000.0 000.0 000.0 002.2 000.0 244.4 000.0 362 097
-004.8 -06.5 -01.4 000.0 000.0 000.0 001.4 000.0 357.8 000.0 363 096
0002.3 -00.7 005.5 000.0 000.0 000.0 006.2 000.0 307.5 002.5 364 093
0006.0 004.4 008.5 000.0 000.0 000.0 006.0 000.0 229.7 002.2 365 088
