Tp_av Tpmin Tpmax T_s10 T_s20 vappd wind  sundu   radia  prec tagesnummer  RF
C_deg C_deg C_deg C_deg C_deg  mm_Hg  m/se  hours J/cm² mm  jday  %
50    ----- ----- ----- ----- -----  02 m  ----- ------ -- - -
0003.0 001.9 004.4 000.0 000.0 000.0 004.7 000.0 215.6 003.3 001 093
0000.8 -00.9 002.2 000.0 000.0 000.0 004.0 000.0 263.5 000.6 002 093
0000.1 -00.5 001.1 000.0 000.0 000.0 002.3 000.0 153.2 000.3 003 097
0002.6 000.0 006.4 000.0 000.0 000.0 003.9 000.0 397.7 001.2 004 092
0004.3 003.3 005.3 000.0 000.0 000.0 005.0 000.0 179.6 004.2 005 088
0005.0 002.1 006.8 000.0 000.0 000.0 003.8 000.0 213.2 001.5 006 093
0001.7 000.7 002.8 000.0 000.0 000.0 002.2 000.0 185.3 000.0 007 098
0002.1 -01.5 005.2 000.0 000.0 000.0 002.5 000.0 246.6 000.0 008 094
-000.5 -02.5 001.1 000.0 000.0 000.0 001.2 000.0 116.5 000.3 009 099
0001.5 001.0 002.0 000.0 000.0 000.0 004.4 000.0 097.4 000.0 010 099
0001.3 000.8 002.0 000.0 000.0 000.0 002.3 000.0 071.5 000.3 011 099
0004.2 002.0 006.3 000.0 000.0 000.0 004.6 000.0 205.4 001.1 012 093
0007.9 006.0 009.5 000.0 000.0 000.0 007.5 000.0 233.9 007.3 013 080
0006.1 004.7 007.5 000.0 000.0 000.0 007.0 000.0 254.6 000.1 014 076
0004.2 001.8 005.6 000.0 000.0 000.0 005.8 000.0 262.6 001.7 015 087
0000.8 -01.2 002.6 000.0 000.0 000.0 003.1 000.0 198.9 000.2 016 091
-002.3 -04.0 -00.9 000.0 000.0 000.0 002.7 000.0 500.2 000.0 017 073
-000.7 -03.0 001.6 000.0 000.0 000.0 006.6 000.0 140.3 000.0 018 089
0001.7 000.8 002.4 000.0 000.0 000.0 005.3 000.0 218.3 000.3 019 085
0000.4 -00.3 001.0 000.0 000.0 000.0 003.8 000.0 167.3 001.0 020 098
0001.7 000.1 003.7 000.0 000.0 000.0 005.7 000.0 171.7 000.0 021 087
0004.1 002.1 005.8 000.0 000.0 000.0 006.1 000.0 154.1 000.1 022 095
0004.7 002.0 007.8 000.0 000.0 000.0 007.7 000.0 111.7 008.6 023 086
0002.6 001.1 003.8 000.0 000.0 000.0 008.4 000.0 286.0 000.8 024 081
0003.3 000.9 007.6 000.0 000.0 000.0 006.3 000.0 150.9 006.9 025 090
0003.8 002.6 005.2 000.0 000.0 000.0 006.6 000.0 309.2 008.0 026 088
0004.5 002.9 006.9 000.0 000.0 000.0 007.8 000.0 109.1 018.6 027 089
0002.9 001.7 004.1 000.0 000.0 000.0 008.0 000.0 064.8 016.9 028 092
0001.6 000.6 003.6 000.0 000.0 000.0 007.2 000.0 137.0 001.0 029 093
0003.8 000.6 007.1 000.0 000.0 000.0 012.2 000.0 173.0 002.0 030 092
0003.8 002.2 005.4 000.0 000.0 000.0 005.8 000.0 130.0 000.0 031 079
0003.2 001.9 005.9 000.0 000.0 000.0 006.1 000.0 128.0 000.0 032 093
0003.6 001.9 005.1 000.0 000.0 000.0 006.7 000.0 092.8 000.0 033 070
0001.4 000.5 002.7 000.0 000.0 000.0 003.2 000.0 301.5 000.0 034 087
0000.0 -01.3 001.9 000.0 000.0 000.0 004.5 000.0 357.2 000.0 035 088
0000.0 -01.0 001.6 000.0 000.0 000.0 006.1 000.0 559.4 000.0 036 081
0000.1 -00.5 000.8 000.0 000.0 000.0 001.7 000.0 183.0 000.0 037 093
0000.4 -00.1 001.3 000.0 000.0 000.0 000.3 000.0 167.2 000.0 038 098
0000.4 000.1 000.9 000.0 000.0 000.0 000.4 000.0 129.4 000.0 039 098
0002.0 -00.2 004.7 000.0 000.0 000.0 003.5 000.0 393.0 000.0 040 090
0002.8 001.0 005.4 000.0 000.0 000.0 002.7 000.0 472.6 000.1 041 093
0001.1 -00.4 002.8 000.0 000.0 000.0 002.2 000.0 354.8 000.0 042 095
-002.6 -07.9 -00.2 000.0 000.0 000.0 004.1 000.0 119.2 000.5 043 092
-010.7 -13.3 -08.1 000.0 000.0 000.0 007.0 000.0 931.4 000.0 044 062
-008.4 -12.0 -03.4 000.0 000.0 000.0 006.9 000.0 957.4 000.0 045 051
-006.3 -09.4 -01.5 000.0 000.0 000.0 005.2 000.0 937.1 000.0 046 070
-005.3 -09.8 -00.1 000.0 000.0 000.0 003.6 000.0 913.6 000.0 047 068
-004.9 -07.5 -02.8 000.0 000.0 000.0 002.3 000.0 737.4 000.0 048 072
-005.2 -09.7 -01.9 000.0 000.0 000.0 001.4 000.0 781.1 000.0 049 072
-005.0 -08.4 -02.9 000.0 000.0 000.0 002.7 000.0 354.8 000.3 050 093
-005.5 -08.8 -02.1 000.0 000.0 000.0 005.1 000.0 665.5 000.0 051 087
-001.9 -03.6 000.4 000.0 000.0 000.0 004.0 000.0 518.3 001.6 052 091
-003.0 -04.0 -01.4 000.0 000.0 000.0 002.0 000.0 474.4 003.0 053 088
-004.1 -08.1 -02.1 000.0 000.0 000.0 002.8 000.0 426.6 003.0 054 091
-007.0 -14.0 -01.0 000.0 000.0 000.0 000.7 000.0 869.5 000.0 055 092
-003.4 -07.9 000.6 000.0 000.0 000.0 000.7 000.0 937.7 000.0 056 083
-003.8 -10.5 001.5 000.0 000.0 000.0 002.8 000.0 531.4 000.0 057 095
0001.6 -00.7 005.6 000.0 000.0 000.0 002.2 000.0 653.1 000.0 058 094
0004.0 000.0 008.1 000.0 000.0 000.0 003.2 000.0 570.1 000.2 059 088
-000.7 -01.2 -00.1 000.0 000.0 000.0 003.4 000.0 182.3 003.2 060 094
-000.1 -01.1 001.7 000.0 000.0 000.0 000.9 000.0 261.0 001.4 061 099
0003.1 000.7 004.9 000.0 000.0 000.0 003.3 000.0 340.9 001.2 062 092
0002.5 -00.3 005.3 000.0 000.0 000.0 003.9 000.0 592.7 002.1 063 087
0003.0 -02.1 009.2 000.0 000.0 000.0 002.9 000.0 1097.9  000.0 064 077
0005.2 001.1 007.3 000.0 000.0 000.0 005.7 000.0 807.2 003.4 065 074
0005.8 004.0 007.5 000.0 000.0 000.0 007.0 000.0 268.7 003.7 066 088
0007.7 003.8 010.5 000.0 000.0 000.0 004.1 000.0 457.5 000.0 067 094
0011.1 010.2 012.5 000.0 000.0 000.0 004.2 000.0 366.1 000.0 068 087
0008.0 003.2 011.1 000.0 000.0 000.0 005.7 000.0 764.8 000.0 069 069
0005.2 -00.5 010.9 000.0 000.0 000.0 003.1 000.0 1364.9  000.0 070 072
0005.7 001.7 009.4 000.0 000.0 000.0 003.5 000.0 606.2 000.0 071 082
0003.9 002.4 006.6 000.0 000.0 000.0 008.1 000.0 256.3 011.6 072 091
0006.1 004.0 008.2 000.0 000.0 000.0 009.9 000.0 580.0 006.4 073 082
0005.6 003.5 007.6 000.0 000.0 000.0 005.4 000.0 835.7 000.9 074 077
0002.8 000.6 005.3 000.0 000.0 000.0 006.1 000.0 893.9 003.1 075 090
0002.2 000.3 004.9 000.0 000.0 000.0 008.1 000.0 813.1 001.2 076 086
0002.2 000.9 004.5 000.0 000.0 000.0 006.1 000.0 746.8 001.2 077 089
0003.7 000.3 007.3 000.0 000.0 000.0 007.4 000.0 787.7 010.1 078 080
0002.0 000.1 004.4 000.0 000.0 000.0 005.1 000.0 1138.3  001.1 079 076
0001.6 -00.5 004.3 000.0 000.0 000.0 001.7 000.0 873.9 000.0 080 080
0003.0 -02.7 007.3 000.0 000.0 000.0 003.2 000.0 1215.5  000.3 081 080
0008.5 004.0 011.8 000.0 000.0 000.0 007.3 000.0 379.4 001.3 082 091
0009.2 005.4 011.3 000.0 000.0 000.0 009.7 000.0 1375.3  003.8 083 064
0007.4 004.8 009.3 000.0 000.0 000.0 006.9 000.0 505.1 007.6 084 081
0004.4 002.8 006.3 000.0 000.0 000.0 006.2 000.0 1203.7  001.2 085 088
0004.2 000.9 008.2 000.0 000.0 000.0 004.0 000.0 1488.2  001.0 086 077
0004.6 -01.3 010.5 000.0 000.0 000.0 003.5 000.0 1527.9  000.0 087 068
0009.0 004.8 013.6 000.0 000.0 000.0 005.4 000.0 645.7 001.3 088 082
0009.9 003.4 015.1 000.0 000.0 000.0 003.0 000.0 1511.3  000.0 089 074
0009.2 003.5 020.1 000.0 000.0 000.0 003.8 000.0 1007.3  000.5 090 083
0009.2 002.6 016.9 000.0 000.0 000.0 005.4 000.0 809.1 005.5 091 080
0006.6 002.3 009.0 000.0 000.0 000.0 004.4 000.0 1211.1  000.0 092 079
0004.1 000.5 008.7 000.0 000.0 000.0 003.9 000.0 1395.9  000.0 093 078
0005.2 000.5 010.1 000.0 000.0 000.0 006.5 000.0 1171.9  002.3 094 079
0004.8 001.9 009.0 000.0 000.0 000.0 005.9 000.0 1368.8  000.9 095 076
0004.8 -01.2 009.7 000.0 000.0 000.0 002.2 000.0 1565.2  000.0 096 072
0004.5 -00.1 008.8 000.0 000.0 000.0 002.3 000.0 1282.0  000.0 097 075
0004.8 -01.0 011.3 000.0 000.0 000.0 001.8 000.0 1393.8  000.5 098 079
0005.8 002.9 010.4 000.0 000.0 000.0 004.5 000.0 1173.1  001.4 099 085
0005.9 001.8 012.4 000.0 000.0 000.0 002.0 000.0 603.7 000.6 100 091
0008.4 003.6 013.1 000.0 000.0 000.0 003.2 000.0 994.7 007.3 101 088
0010.6 007.5 014.6 000.0 000.0 000.0 004.5 000.0 817.3 008.6 102 088
0008.8 005.9 011.8 000.0 000.0 000.0 003.6 000.0 1543.7  014.2 103 080
0005.7 005.2 006.6 000.0 000.0 000.0 004.1 000.0 430.0 004.0 104 094
0006.8 000.9 010.6 000.0 000.0 000.0 001.9 000.0 1746.1  000.0 105 069
0007.4 004.1 011.1 000.0 000.0 000.0 003.1 000.0 1853.3  000.0 106 081
0006.2 002.1 010.8 000.0 000.0 000.0 003.6 000.0 1540.6  000.0 107 083
0004.7 -00.6 007.8 000.0 000.0 000.0 003.7 000.0 1506.7  000.0 108 067
0004.8 -01.8 010.3 000.0 000.0 000.0 002.2 000.0 1848.1  000.0 109 066
0008.2 000.4 015.1 000.0 000.0 000.0 002.4 000.0 2300.1  000.0 110 063
0010.8 002.7 017.1 000.0 000.0 000.0 001.6 000.0 1898.6  000.0 111 067
0012.5 005.2 018.3 000.0 000.0 000.0 000.9 000.0 1669.9  000.0 112 064
0013.7 006.1 020.8 000.0 000.0 000.0 003.2 000.0 1922.9  000.0 113 063
0014.3 007.6 020.7 000.0 000.0 000.0 003.8 000.0 2181.5  000.0 114 058
0013.0 005.8 019.7 000.0 000.0 000.0 002.6 000.0 2391.3  000.0 115 066
0010.8 005.1 017.5 000.0 000.0 000.0 002.9 000.0 1588.1  000.0 116 075
0013.0 006.9 018.6 000.0 000.0 000.0 002.2 000.0 1746.2  000.0 117 076
0013.1 008.8 018.4 000.0 000.0 000.0 002.5 000.0 1068.2  000.0 118 086
0015.9 010.1 019.3 000.0 000.0 000.0 002.3 000.0 814.3 000.0 119 068
0015.3 008.4 022.5 000.0 000.0 000.0 003.7 000.0 1784.9  001.0 120 075
0007.2 004.4 008.2 000.0 000.0 000.0 003.8 000.0 791.0 000.4 121 084
0008.2 000.3 014.2 000.0 000.0 000.0 002.1 000.0 2551.4  000.0 122 067
0009.7 002.3 016.3 000.0 000.0 000.0 004.0 000.0 2671.0  000.0 123 057
0011.2 002.6 017.9 000.0 000.0 000.0 004.6 000.0 2236.4  000.6 124 049
0009.3 006.1 013.1 000.0 000.0 000.0 001.9 000.0 1043.2  003.6 125 090
0010.2 003.5 015.4 000.0 000.0 000.0 001.6 000.0 2158.8  000.0 126 066
0012.3 005.7 018.7 000.0 000.0 000.0 003.3 000.0 2667.5  000.0 127 055
0013.7 005.5 020.7 000.0 000.0 000.0 003.9 000.0 2760.7  000.0 128 052
0014.7 006.0 021.7 000.0 000.0 000.0 002.3 000.0 2579.0  000.0 129 058
0013.8 008.5 019.7 000.0 000.0 000.0 002.5 000.0 2214.7  000.0 130 061
0014.5 006.5 021.2 000.0 000.0 000.0 002.5 000.0 2195.7  000.0 131 062
0013.1 006.9 017.4 000.0 000.0 000.0 003.4 000.0 1693.5  001.0 132 068
0014.0 010.1 020.2 000.0 000.0 000.0 002.4 000.0 1768.7  006.0 133 084
0016.6 008.3 023.5 000.0 000.0 000.0 004.2 000.0 2402.1  000.0 134 067
0015.6 012.2 019.9 000.0 000.0 000.0 004.0 000.0 1557.4  000.0 135 073
0015.7 012.5 021.3 000.0 000.0 000.0 002.8 000.0 1910.4  000.0 136 075
0016.4 012.2 021.9 000.0 000.0 000.0 002.4 000.0 1757.5  006.9 137 081
0015.8 009.5 020.6 000.0 000.0 000.0 002.0 000.0 1797.7  000.0 138 071
0010.1 007.5 014.3 000.0 000.0 000.0 004.0 000.0 323.1 031.0 139 096
0007.8 006.8 008.5 000.0 000.0 000.0 003.6 000.0 367.1 010.0 140 098
0011.2 006.6 015.4 000.0 000.0 000.0 002.2 000.0 2125.9  000.7 141 073
0012.1 008.7 017.7 000.0 000.0 000.0 002.8 000.0 1371.8  015.7 142 092
0012.3 008.9 014.8 000.0 000.0 000.0 001.2 000.0 975.1 002.4 143 095
0014.5 010.3 018.7 000.0 000.0 000.0 001.8 000.0 2010.6  000.1 144 080
0013.1 010.9 015.6 000.0 000.0 000.0 002.0 000.0 684.6 000.0 145 096
0013.9 011.6 016.5 000.0 000.0 000.0 002.6 000.0 1720.4  000.4 146 080
0010.4 004.9 012.8 000.0 000.0 000.0 002.2 000.0 1219.9  000.5 147 078
0009.2 002.2 014.6 000.0 000.0 000.0 001.7 000.0 1900.0  000.1 148 078
0009.5 006.1 012.5 000.0 000.0 000.0 002.1 000.0 1270.1  000.4 149 081
0009.4 004.8 012.9 000.0 000.0 000.0 003.1 000.0 1896.6  000.8 150 080
0010.2 004.8 013.0 000.0 000.0 000.0 003.5 000.0 1561.3  000.8 151 077
0014.6 008.8 020.0 000.0 000.0 000.0 003.2 000.0 2773.4  000.0 152 070
0017.2 009.0 024.4 000.0 000.0 000.0 002.9 000.0 1359.5  000.7 153 076
0016.3 012.1 019.2 000.0 000.0 000.0 004.0 000.0 1571.4  001.6 154 078
0012.9 009.2 015.2 000.0 000.0 000.0 004.0 000.0 1704.6  001.5 155 077
0010.7 007.4 014.2 000.0 000.0 000.0 001.9 000.0 1163.3  004.5 156 088
0010.8 005.8 015.7 000.0 000.0 000.0 003.5 000.0 2137.1  000.0 157 074
0013.5 008.0 017.9 000.0 000.0 000.0 003.4 000.0 1029.7  000.7 158 092
0016.3 011.3 020.8 000.0 000.0 000.0 002.6 000.0 2078.2  000.0 159 076
0011.3 005.9 015.5 000.0 000.0 000.0 003.1 000.0 1069.6  000.4 160 088
0011.0 006.0 016.6 000.0 000.0 000.0 002.1 000.0 1702.6  000.2 161 081
0012.2 005.8 017.4 000.0 000.0 000.0 001.2 000.0 1996.3  000.0 162 079
0014.5 007.8 020.3 000.0 000.0 000.0 001.9 000.0 2641.6  000.0 163 063
0012.4 010.2 014.1 000.0 000.0 000.0 002.5 000.0 648.9 000.0 164 093
0015.7 012.3 020.8 000.0 000.0 000.0 002.6 000.0 2337.5  000.0 165 075
0012.1 009.1 015.3 000.0 000.0 000.0 003.6 000.0 1547.3  000.0 166 067
0010.4 008.5 014.5 000.0 000.0 000.0 006.1 000.0 800.0 002.0 167 085
0010.8 005.1 015.3 000.0 000.0 000.0 003.1 000.0 1660.0  000.0 168 071
0013.4 006.0 018.4 000.0 000.0 000.0 005.8 000.0 800.0 005.0 169 084
0016.4 011.6 020.7 000.0 000.0 000.0 006.7 000.0 1360.0  000.0 170 077
0014.8 010.8 019.8 000.0 000.0 000.0 000.0 000.0 2810.0  000.0 171 067
0018.8 007.7 022.1 000.0 000.0 000.0 005.8 000.0 1650.0  000.0 172 071
0019.4 013.5 022.0 000.0 000.0 000.0 006.0 000.0 1126.3  000.0 173 057
0014.4 009.1 018.2 000.0 000.0 000.0 005.2 000.0 2737.8  000.0 174 056
0013.7 006.5 019.9 000.0 000.0 000.0 002.4 000.0 3159.7  000.0 175 064
0018.8 007.1 027.6 000.0 000.0 000.0 003.2 000.0 3085.2  000.0 176 054
0021.7 012.1 029.5 000.0 000.0 000.0 001.4 000.0 2452.0  000.0 177 068
0021.6 015.6 027.4 000.0 000.0 000.0 001.1 000.0 1912.6  000.0 178 074
0021.7 013.3 028.0 000.0 000.0 000.0 001.4 000.0 2801.0  000.0 179 063
0023.2 017.6 033.7 000.0 000.0 000.0 002.4 000.0 1683.7  003.7 180 076
0017.8 012.5 021.3 000.0 000.0 000.0 002.4 000.0 2802.8  000.0 181 065
0016.6 009.8 022.0 000.0 000.0 000.0 001.6 000.0 2867.9  000.0 182 068
0018.6 010.1 025.7 000.0 000.0 000.0 002.1 000.0 3055.5  000.0 183 061
0021.2 013.1 028.4 000.0 000.0 000.0 002.5 000.0 2985.0  000.0 184 056
0022.9 015.6 030.2 000.0 000.0 000.0 003.2 000.0 2807.3  000.0 185 053
0017.9 014.6 021.8 000.0 000.0 000.0 001.9 000.0 1339.8  000.1 186 075
0018.4 012.1 024.0 000.0 000.0 000.0 001.8 000.0 2392.5  000.0 187 065
0015.3 009.9 023.4 000.0 000.0 000.0 002.3 000.0 1583.4  011.6 188 080
0015.0 013.0 020.2 000.0 000.0 000.0 003.3 000.0 1063.7  017.9 189 094
0017.8 011.7 022.9 000.0 000.0 000.0 003.0 000.0 2501.4  000.1 190 076
0018.7 012.5 024.6 000.0 000.0 000.0 002.1 000.0 2679.7  000.0 191 074
0020.2 011.9 026.9 000.0 000.0 000.0 001.1 000.0 2931.1  000.0 192 062
0022.5 014.2 029.6 000.0 000.0 000.0 002.4 000.0 2798.4  000.0 193 063
0023.7 015.8 030.6 000.0 000.0 000.0 002.2 000.0 2732.4  000.0 194 060
0023.9 016.1 031.4 000.0 000.0 000.0 001.9 000.0 2677.9  000.0 195 061
0022.8 016.5 029.7 000.0 000.0 000.0 001.7 000.0 2398.7  002.4 196 071
0021.2 016.6 025.9 000.0 000.0 000.0 001.2 000.0 2363.4  000.0 197 066
0019.5 014.6 023.6 000.0 000.0 000.0 001.7 000.0 2230.1  000.0 198 072
0018.6 014.6 023.3 000.0 000.0 000.0 001.7 000.0 2446.1  000.0 199 065
0018.5 012.7 023.1 000.0 000.0 000.0 002.7 000.0 2455.7  000.0 200 063
0018.6 011.2 025.1 000.0 000.0 000.0 001.8 000.0 2853.4  000.0 201 061
0020.8 010.3 028.6 000.0 000.0 000.0 001.2 000.0 2791.6  000.0 202 058
0022.9 014.2 030.4 000.0 000.0 000.0 001.9 000.0 2699.5  000.0 203 054
0024.1 015.4 031.3 000.0 000.0 000.0 001.8 000.0 2579.8  000.0 204 052
0024.6 015.9 031.9 000.0 000.0 000.0 001.7 000.0 2518.4  000.0 205 055
0025.0 016.0 032.9 000.0 000.0 000.0 001.3 000.0 2461.9  000.0 206 056
0026.5 018.3 034.4 000.0 000.0 000.0 002.0 000.0 2313.0  000.0 207 056
0025.7 020.6 030.3 000.0 000.0 000.0 001.5 000.0 1945.4  000.1 208 067
0026.1 018.0 034.0 000.0 000.0 000.0 001.1 000.0 2379.3  000.0 209 060
0026.5 018.8 034.6 000.0 000.0 000.0 001.6 000.0 2339.6  000.0 210 064
0026.0 018.4 034.2 000.0 000.0 000.0 002.3 000.0 2202.4  000.0 211 067
0027.4 020.9 036.4 000.0 000.0 000.0 001.7 000.0 2055.8  000.0 212 058
0027.6 018.8 037.0 000.0 000.0 000.0 002.2 000.0 2322.6  000.0 213 053
0024.2 020.5 027.2 000.0 000.0 000.0 003.3 000.0 1839.2  000.0 214 066
0022.1 014.0 027.9 000.0 000.0 000.0 001.5 000.0 2318.1  000.0 215 060
0022.0 013.4 028.9 000.0 000.0 000.0 001.3 000.0 2432.2  000.0 216 062
0025.3 015.6 034.1 000.0 000.0 000.0 001.9 000.0 2458.1  000.0 217 055
0023.8 019.7 028.2 000.0 000.0 000.0 002.6 000.0 1883.6  000.0 218 068
0020.7 013.8 025.9 000.0 000.0 000.0 001.8 000.0 2108.6  000.0 219 063
0020.5 013.7 025.5 000.0 000.0 000.0 001.1 000.0 2186.0  000.0 220 061
0021.3 015.3 026.5 000.0 000.0 000.0 001.7 000.0 2021.0  000.0 221 059
0021.1 013.5 027.4 000.0 000.0 000.0 001.3 000.0 1882.3  000.0 222 061
0018.7 016.9 022.2 000.0 000.0 000.0 002.0 000.0 464.5 011.5 223 085
0017.7 016.2 021.5 000.0 000.0 000.0 002.0 000.0 907.9 012.7 224 095
0014.9 011.9 016.1 000.0 000.0 000.0 005.1 000.0 740.3 001.5 225 088
0012.1 010.5 015.0 000.0 000.0 000.0 006.3 000.0 1540.7  001.4 226 082
0013.9 010.6 016.9 000.0 000.0 000.0 005.9 000.0 674.5 000.2 227 084
0013.9 009.1 018.1 000.0 000.0 000.0 002.1 000.0 1657.5  000.0 228 075
0016.0 007.5 024.2 000.0 000.0 000.0 002.2 000.0 1869.3  000.3 229 073
0013.4 011.0 016.1 000.0 000.0 000.0 004.0 000.0 1422.4  006.8 230 091
0013.9 011.5 017.3 000.0 000.0 000.0 005.1 000.0 548.5 006.4 231 094
0016.0 011.4 019.8 000.0 000.0 000.0 004.4 000.0 1572.1  001.6 232 079
0014.9 010.4 019.3 000.0 000.0 000.0 001.3 000.0 1154.1  000.0 233 082
0015.8 008.7 022.4 000.0 000.0 000.0 001.3 000.0 2116.0  000.0 234 073
0016.9 010.5 023.5 000.0 000.0 000.0 001.9 000.0 2168.1  000.0 235 070
0016.2 011.7 020.6 000.0 000.0 000.0 001.8 000.0 813.4 000.0 236 082
0017.2 014.6 020.1 000.0 000.0 000.0 001.7 000.0 656.0 000.0 237 087
0016.2 014.2 020.5 000.0 000.0 000.0 001.0 000.0 908.0 007.5 238 092
0018.4 013.3 023.2 000.0 000.0 000.0 002.5 000.0 1552.9  000.1 239 082
0015.8 011.4 018.5 000.0 000.0 000.0 004.1 000.0 1202.5  003.4 240 085
0014.6 010.1 019.2 000.0 000.0 000.0 005.1 000.0 1679.8  000.9 241 072
0014.0 010.0 018.5 000.0 000.0 000.0 003.0 000.0 1629.9  000.0 242 078
0012.3 008.8 019.6 000.0 000.0 000.0 000.9 000.0 1006.1  000.0 243 084
0016.3 012.2 017.8 000.0 000.0 000.0 002.2 000.0 550.0 002.0 244 087
0017.6 015.1 020.6 000.0 000.0 000.0 001.8 000.0 540.0 003.0 245 092
0015.4 013.7 019.1 000.0 000.0 000.0 002.1 000.0 780.0 001.0 246 085
0017.3 014.5 020.5 000.0 000.0 000.0 002.2 000.0 1240.0  000.0 247 077
0015.5 014.6 017.5 000.0 000.0 000.0 001.1 000.0 530.0 001.0 248 087
0014.7 011.9 018.8 000.0 000.0 000.0 001.2 000.0 760.0 006.0 249 080
0012.9 012.1 014.7 000.0 000.0 000.0 008.4 000.0 520.0 000.0 250 092
0015.4 012.3 017.1 000.0 000.0 000.0 001.7 000.0 510.0 007.0 251 093
0015.3 012.1 017.4 000.0 000.0 000.0 005.9 000.0 782.1 000.1 252 061
0012.8 009.7 016.3 000.0 000.0 000.0 004.8 000.0 1006.7  000.5 253 084
0012.3 009.4 016.8 000.0 000.0 000.0 004.2 000.0 1346.8  001.7 254 081
0015.0 010.0 018.2 000.0 000.0 000.0 003.1 000.0 851.0 002.3 255 088
0015.6 011.3 019.9 000.0 000.0 000.0 003.5 000.0 1655.5  000.0 256 073
0014.6 007.7 019.6 000.0 000.0 000.0 002.4 000.0 1287.6  001.9 257 087
0014.7 011.3 017.2 000.0 000.0 000.0 005.9 000.0 812.8 001.3 258 082
0011.7 010.4 013.7 000.0 000.0 000.0 007.9 000.0 585.2 002.1 259 080
0010.9 009.6 012.6 000.0 000.0 000.0 006.2 000.0 580.6 001.7 260 084
0011.1 009.6 013.8 000.0 000.0 000.0 003.5 000.0 521.8 000.3 261 096
0010.8 009.6 012.8 000.0 000.0 000.0 002.2 000.0 529.7 000.2 262 094
0010.7 006.5 016.3 000.0 000.0 000.0 001.6 000.0 1160.7  000.1 263 089
0011.9 010.0 013.6 000.0 000.0 000.0 002.8 000.0 340.7 000.1 264 092
0012.1 010.2 013.9 000.0 000.0 000.0 002.6 000.0 487.7 000.0 265 091
0013.0 009.4 017.1 000.0 000.0 000.0 000.7 000.0 1094.7  000.0 266 083
0013.4 008.4 020.4 000.0 000.0 000.0 002.4 000.0 1198.3  000.0 267 090
0014.6 011.4 019.1 000.0 000.0 000.0 001.5 000.0 886.3 000.0 268 093
0014.9 011.3 020.5 000.0 000.0 000.0 001.8 000.0 880.9 000.0 269 089
0013.2 010.2 016.0 000.0 000.0 000.0 004.0 000.0 469.3 000.2 270 084
0010.5 007.9 014.4 000.0 000.0 000.0 004.2 000.0 1373.8  000.0 271 075
0012.4 008.8 014.3 000.0 000.0 000.0 005.3 000.0 428.2 000.0 272 082
0012.5 008.5 014.8 000.0 000.0 000.0 002.8 000.0 478.0 000.0 273 083
0009.9 004.2 013.7 000.0 000.0 000.0 003.4 000.0 862.0 000.0 274 081
0008.8 004.5 012.5 000.0 000.0 000.0 001.9 000.0 646.0 000.0 275 090
0010.7 005.9 013.8 000.0 000.0 000.0 004.3 000.0 387.6 002.5 276 093
0005.7 002.0 010.0 000.0 000.0 000.0 004.2 000.0 1252.3  000.2 277 077
0004.0 001.0 008.2 000.0 000.0 000.0 003.9 000.0 842.3 001.5 278 089
0004.2 -00.5 010.8 000.0 000.0 000.0 002.5 000.0 1336.1  000.0 279 080
0004.1 -01.6 011.2 000.0 000.0 000.0 001.2 000.0 1177.5  000.0 280 080
0004.9 003.1 007.9 000.0 000.0 000.0 000.5 000.0 329.2 000.0 281 092
0004.9 001.0 010.4 000.0 000.0 000.0 000.9 000.0 1026.4  000.0 282 086
0005.1 002.1 010.2 000.0 000.0 000.0 003.0 000.0 1090.5  000.0 283 090
0005.7 001.1 012.8 000.0 000.0 000.0 001.9 000.0 1189.2  000.0 284 085
0008.1 001.2 015.0 000.0 000.0 000.0 002.2 000.0 1087.1  000.0 285 084
0008.7 006.2 010.2 000.0 000.0 000.0 003.5 000.0 262.2 000.0 286 096
0010.4 004.9 015.8 000.0 000.0 000.0 002.0 000.0 940.3 000.0 287 087
0008.9 001.1 017.5 000.0 000.0 000.0 001.9 000.0 1024.4  000.0 288 087
0008.1 002.5 011.5 000.0 000.0 000.0 003.1 000.0 843.5 000.0 289 080
0002.7 -03.1 007.4 000.0 000.0 000.0 002.4 000.0 1094.6  000.0 290 072
0000.8 -03.2 006.7 000.0 000.0 000.0 001.2 000.0 781.0 000.0 291 072
0002.2 -03.6 009.2 000.0 000.0 000.0 004.9 000.0 913.7 000.0 292 065
0004.4 000.0 010.5 000.0 000.0 000.0 006.9 000.0 981.7 000.0 293 060
0004.9 -00.3 011.3 000.0 000.0 000.0 006.4 000.0 963.5 000.0 294 070
0008.1 003.3 013.2 000.0 000.0 000.0 004.7 000.0 784.6 000.0 295 074
0009.7 005.4 013.7 000.0 000.0 000.0 003.8 000.0 501.4 000.1 296 080
0010.2 007.1 014.6 000.0 000.0 000.0 003.6 000.0 856.1 000.0 297 086
0009.5 004.6 014.0 000.0 000.0 000.0 002.9 000.0 788.5 000.0 298 084
0008.4 006.3 011.6 000.0 000.0 000.0 004.2 000.0 636.7 001.0 299 088
0007.9 005.4 010.6 000.0 000.0 000.0 004.7 000.0 479.5 000.5 300 084
0006.7 003.3 010.2 000.0 000.0 000.0 003.4 000.0 511.3 000.3 301 090
0005.8 002.1 010.3 000.0 000.0 000.0 004.0 000.0 683.3 000.1 302 087
0009.5 006.6 013.1 000.0 000.0 000.0 004.5 000.0 249.5 005.0 303 096
0013.9 012.1 015.5 000.0 000.0 000.0 006.9 000.0 245.6 005.8 304 086
0011.1 008.2 012.9 000.0 000.0 000.0 007.5 000.0 493.7 000.8 305 069
0006.7 001.5 010.1 000.0 000.0 000.0 003.9 000.0 629.3 000.0 306 084
0002.4 -02.6 009.5 000.0 000.0 000.0 002.4 000.0 633.5 000.0 307 093
0005.1 002.2 009.6 000.0 000.0 000.0 006.1 000.0 626.8 000.0 308 080
0007.3 002.7 013.9 000.0 000.0 000.0 004.5 000.0 567.4 000.0 309 085
0007.7 003.1 013.5 000.0 000.0 000.0 002.3 000.0 572.7 000.0 310 091
0007.3 006.5 008.2 000.0 000.0 000.0 000.6 000.0 121.1 000.1 311 098
0006.0 005.5 006.6 000.0 000.0 000.0 000.7 000.0 135.1 000.2 312 095
0005.4 000.4 008.4 000.0 000.0 000.0 000.9 000.0 281.8 000.0 313 096
0004.7 001.0 006.8 000.0 000.0 000.0 003.5 000.0 258.4 000.0 314 093
0002.9 -00.1 006.3 000.0 000.0 000.0 003.9 000.0 648.6 000.0 315 078
-001.1 -02.5 -00.1 000.0 000.0 000.0 004.4 000.0 256.0 000.0 316 083
-001.8 -03.2 000.7 000.0 000.0 000.0 003.1 000.0 445.1 000.0 317 081
0005.9 -01.6 011.6 000.0 000.0 000.0 005.5 000.0 164.9 007.8 318 097
0010.9 008.3 012.5 000.0 000.0 000.0 007.6 000.0 305.3 005.3 319 085
0007.8 005.9 009.4 000.0 000.0 000.0 006.9 000.0 292.0 009.9 320 089
0005.8 004.5 007.2 000.0 000.0 000.0 005.3 000.0 205.1 003.2 321 095
0004.4 003.6 005.5 000.0 000.0 000.0 004.1 000.0 213.7 000.5 322 095
0003.9 001.8 006.1 000.0 000.0 000.0 001.9 000.0 297.5 000.3 323 088
0010.2 004.3 013.8 000.0 000.0 000.0 005.3 000.0 188.4 001.9 324 094
0008.2 005.3 011.6 000.0 000.0 000.0 005.1 000.0 391.2 000.3 325 089
0005.0 000.3 007.5 000.0 000.0 000.0 002.7 000.0 213.9 000.0 326 093
0002.1 000.9 003.4 000.0 000.0 000.0 002.9 000.0 216.8 000.0 327 099
0007.7 003.9 010.4 000.0 000.0 000.0 006.4 000.0 113.0 000.9 328 092
0005.7 002.0 007.5 000.0 000.0 000.0 004.6 000.0 422.9 000.8 329 078
0004.8 001.4 006.7 000.0 000.0 000.0 001.5 000.0 121.3 002.1 330 099
0006.0 004.7 007.7 000.0 000.0 000.0 002.6 000.0 114.7 000.0 331 098
0007.3 006.1 008.6 000.0 000.0 000.0 004.8 000.0 458.5 000.0 332 090
0006.4 004.5 008.9 000.0 000.0 000.0 004.5 000.0 153.5 000.0 333 092
0004.7 -01.1 007.2 000.0 000.0 000.0 001.3 000.0 152.5 000.1 334 098
-001.5 -03.5 001.0 000.0 000.0 000.0 001.3 000.0 425.3 000.0 335 099
-002.9 -04.3 -01.7 000.0 000.0 000.0 002.8 000.0 206.0 000.0 336 099
-001.0 -04.9 004.6 000.0 000.0 000.0 001.5 000.0 302.9 000.0 337 097
0005.9 003.7 008.2 000.0 000.0 000.0 004.6 000.0 372.1 000.9 338 092
0007.7 004.6 009.9 000.0 000.0 000.0 004.8 000.0 185.3 001.0 339 091
0005.8 003.6 007.7 000.0 000.0 000.0 006.4 000.0 211.7 001.0 340 080
0003.4 000.5 006.2 000.0 000.0 000.0 004.4 000.0 425.5 000.0 341 085
0004.9 002.7 006.7 000.0 000.0 000.0 005.8 000.0 284.1 000.4 342 085
0006.1 002.8 007.7 000.0 000.0 000.0 006.5 000.0 157.0 007.0 343 093
0002.1 000.2 004.9 000.0 000.0 000.0 004.2 000.0 221.4 002.1 344 097
0010.6 005.6 012.4 000.0 000.0 000.0 008.8 000.0 084.8 001.7 345 092
0011.1 008.6 012.2 000.0 000.0 000.0 008.7 000.0 109.0 010.9 346 090
0007.8 005.7 008.8 000.0 000.0 000.0 006.5 000.0 217.2 001.8 347 089
0002.1 -00.4 005.1 000.0 000.0 000.0 004.4 000.0 202.6 000.8 348 086
-000.9 -02.8 001.9 000.0 000.0 000.0 003.4 000.0 436.6 000.0 349 095
-001.0 -02.9 002.4 000.0 000.0 000.0 004.9 000.0 191.0 000.1 350 097
0001.6 000.0 003.5 000.0 000.0 000.0 004.6 000.0 329.8 000.0 351 096
0000.4 -01.5 002.3 000.0 000.0 000.0 002.8 000.0 377.5 000.0 352 089
0001.3 000.1 002.8 000.0 000.0 000.0 003.5 000.0 116.4 000.0 353 091
-000.6 -03.5 000.9 000.0 000.0 000.0 001.1 000.0 266.2 000.0 354 099
0001.2 000.4 001.8 000.0 000.0 000.0 001.5 000.0 108.7 000.0 355 099
0001.4 000.2 002.3 000.0 000.0 000.0 001.9 000.0 111.2 000.0 356 096
0000.0 -01.8 001.7 000.0 000.0 000.0 000.4 000.0 234.8 000.0 357 096
-002.6 -03.1 -01.4 000.0 000.0 000.0 002.1 000.0 087.7 000.0 358 090
-003.2 -03.4 -02.8 000.0 000.0 000.0 003.0 000.0 085.3 000.0 359 099
-000.8 -02.9 000.6 000.0 000.0 000.0 005.1 000.0 181.4 000.0 360 095
0003.2 000.6 007.2 000.0 000.0 000.0 007.2 000.0 124.6 007.0 361 094
0004.5 002.3 011.3 000.0 000.0 000.0 003.3 000.0 141.3 001.7 362 099
0011.0 009.5 011.6 000.0 000.0 000.0 007.6 000.0 142.8 000.3 363 082
0007.4 005.4 010.3 000.0 000.0 000.0 006.8 000.0 240.2 002.7 364 079
0005.1 003.5 006.3 000.0 000.0 000.0 006.8 000.0 143.3 000.7 365 078
