Tp_av Tpmin Tpmax T_s10 T_s20 vappd wind  sundu   radia  prec tagesnummer  RF
C_deg C_deg C_deg C_deg C_deg  mm_Hg  m/se  hours J/cm² mm  jday  %
50    ----- ----- ----- ----- -----  02 m  ----- ------ -- - -
0001.3 -00.5 003.7 000.0 000.0 000.0 006.9 000.0 218.7 002.5 001 086
-000.9 -02.8 000.1 000.0 000.0 000.0 003.5 000.0 177.9 000.7 002 094
-001.8 -04.8 -00.1 000.0 000.0 000.0 002.7 000.0 499.2 000.2 003 083
-007.3 -09.6 -03.7 000.0 000.0 000.0 000.6 000.0 504.0 000.0 004 093
-006.6 -08.7 -04.4 000.0 000.0 000.0 002.9 000.0 289.9 000.0 005 094
-008.8 -11.5 -05.0 000.0 000.0 000.0 002.9 000.0 426.3 000.0 006 091
-006.1 -09.7 -04.2 000.0 000.0 000.0 000.3 000.0 188.2 000.0 007 097
-005.7 -07.0 -04.3 000.0 000.0 000.0 002.8 000.0 237.7 000.0 008 093
-002.4 -06.3 000.5 000.0 000.0 000.0 005.2 000.0 189.4 000.8 009 096
0001.7 000.1 003.1 000.0 000.0 000.0 008.8 000.0 149.6 003.1 010 083
0000.3 -00.1 000.7 000.0 000.0 000.0 007.3 000.0 162.8 000.0 011 089
-000.9 -02.2 000.1 000.0 000.0 000.0 005.0 000.0 175.3 000.0 012 087
-002.0 -05.3 -00.3 000.0 000.0 000.0 003.5 000.0 308.6 000.0 013 083
-001.5 -05.0 000.6 000.0 000.0 000.0 004.1 000.0 182.8 000.0 014 096
0001.8 000.8 002.7 000.0 000.0 000.0 003.9 000.0 139.6 001.0 015 099
0002.3 001.2 003.5 000.0 000.0 000.0 002.2 000.0 306.3 000.0 016 097
0000.3 -01.8 003.0 000.0 000.0 000.0 003.3 000.0 542.3 000.0 017 082
-000.5 -03.0 003.7 000.0 000.0 000.0 003.9 000.0 514.7 000.0 018 075
-002.5 -03.8 -01.6 000.0 000.0 000.0 003.5 000.0 131.2 000.3 019 088
-001.6 -04.9 000.1 000.0 000.0 000.0 003.6 000.0 359.2 001.2 020 087
0001.1 000.0 002.8 000.0 000.0 000.0 003.2 000.0 370.9 001.1 021 096
0002.7 000.0 005.9 000.0 000.0 000.0 006.5 000.0 231.8 008.6 022 093
0005.3 003.0 008.3 000.0 000.0 000.0 007.7 000.0 321.8 003.0 023 075
0003.9 002.8 005.4 000.0 000.0 000.0 008.0 000.0 282.3 002.0 024 084
0002.6 001.5 003.6 000.0 000.0 000.0 004.3 000.0 197.6 001.6 025 095
0007.1 001.1 011.3 000.0 000.0 000.0 005.6 000.0 213.9 006.7 026 085
0001.7 000.1 005.3 000.0 000.0 000.0 006.7 000.0 462.4 002.4 027 091
0003.0 -00.2 007.4 000.0 000.0 000.0 006.6 000.0 177.7 002.5 028 090
0006.0 005.1 007.1 000.0 000.0 000.0 005.2 000.0 221.6 005.8 029 092
0002.9 -02.1 006.8 000.0 000.0 000.0 004.4 000.0 235.3 001.0 030 092
-001.0 -02.2 000.5 000.0 000.0 000.0 002.9 000.0 412.4 000.0 031 091
0005.4 000.9 009.2 000.0 000.0 000.0 008.2 000.0 242.2 000.1 032 077
0005.0 000.4 009.5 000.0 000.0 000.0 005.1 000.0 347.5 000.6 033 081
0000.4 -02.4 002.8 000.0 000.0 000.0 003.7 000.0 481.1 000.0 034 084
0004.2 001.3 006.5 000.0 000.0 000.0 006.2 000.0 234.6 005.5 035 090
0004.9 003.6 006.9 000.0 000.0 000.0 006.1 000.0 512.3 000.1 036 082
0007.6 004.8 010.9 000.0 000.0 000.0 006.6 000.0 136.2 000.0 037 094
0006.3 002.9 009.2 000.0 000.0 000.0 008.5 000.0 136.6 003.5 038 088
0000.6 -01.0 002.4 000.0 000.0 000.0 005.0 000.0 224.0 002.2 039 098
-001.2 -03.3 001.2 000.0 000.0 000.0 004.5 000.0 755.3 000.0 040 086
-001.2 -03.5 001.6 000.0 000.0 000.0 003.4 000.0 632.9 000.0 041 090
0002.5 -01.4 005.8 000.0 000.0 000.0 003.6 000.0 358.5 002.7 042 097
0007.3 004.8 009.9 000.0 000.0 000.0 006.8 000.0 541.3 003.8 043 079
0006.2 001.8 011.3 000.0 000.0 000.0 004.1 000.0 776.3 000.0 044 077
0006.8 003.6 010.8 000.0 000.0 000.0 005.3 000.0 428.2 001.0 045 087
0005.5 003.0 007.7 000.0 000.0 000.0 006.4 000.0 311.8 004.9 046 089
0006.9 003.7 010.1 000.0 000.0 000.0 006.2 000.0 793.1 002.4 047 082
0005.7 003.1 008.2 000.0 000.0 000.0 007.6 000.0 444.7 003.6 048 080
0004.2 002.5 006.5 000.0 000.0 000.0 005.4 000.0 464.0 000.6 049 086
0004.5 001.7 007.1 000.0 000.0 000.0 005.6 000.0 486.8 001.5 050 094
0006.6 002.1 009.5 000.0 000.0 000.0 006.9 000.0 797.6 009.6 051 076
0007.9 002.2 013.5 000.0 000.0 000.0 004.8 000.0 824.7 005.2 052 081
0004.9 002.6 008.6 000.0 000.0 000.0 006.5 000.0 1021.8  000.1 053 077
0003.1 000.4 005.6 000.0 000.0 000.0 005.5 000.0 548.4 000.0 054 072
0003.0 000.7 006.1 000.0 000.0 000.0 003.4 000.0 653.3 000.2 055 088
0002.3 -00.2 005.2 000.0 000.0 000.0 001.8 000.0 525.1 007.4 056 092
-000.7 -02.3 000.3 000.0 000.0 000.0 000.3 000.0 285.7 008.6 057 098
0000.6 -01.3 003.3 000.0 000.0 000.0 002.4 000.0 712.0 000.0 058 091
0005.3 000.3 009.3 000.0 000.0 000.0 007.6 000.0 165.3 002.6 059 094
0008.4 006.5 009.6 000.0 000.0 000.0 006.6 000.0 286.5 000.0 060 077
0004.6 001.9 008.7 000.0 000.0 000.0 004.8 000.0 752.1 002.6 061 076
0003.8 -00.1 007.9 000.0 000.0 000.0 003.9 000.0 539.4 001.2 062 089
0002.0 000.0 004.9 000.0 000.0 000.0 003.4 000.0 859.7 000.0 063 084
0002.6 -02.3 006.5 000.0 000.0 000.0 004.0 000.0 1262.5  000.0 064 072
0003.7 001.1 007.4 000.0 000.0 000.0 004.8 000.0 815.2 001.2 065 084
0002.6 -00.1 006.4 000.0 000.0 000.0 003.7 000.0 1074.0  000.0 066 085
0002.2 -02.9 008.3 000.0 000.0 000.0 003.2 000.0 1303.1  000.0 067 071
0002.1 -01.9 006.8 000.0 000.0 000.0 002.2 000.0 1005.3  000.0 068 085
0003.0 -02.0 008.9 000.0 000.0 000.0 001.4 000.0 1423.6  000.0 069 076
0001.0 -01.8 004.7 000.0 000.0 000.0 003.7 000.0 1369.7  000.0 070 093
0001.6 -02.6 006.8 000.0 000.0 000.0 003.5 000.0 978.2 000.0 071 088
0002.2 -00.8 004.2 000.0 000.0 000.0 004.6 000.0 346.3 000.0 072 082
-003.2 -06.1 -01.3 000.0 000.0 000.0 005.8 000.0 927.8 000.0 073 066
-000.6 -04.7 003.4 000.0 000.0 000.0 004.8 000.0 791.5 000.1 074 080
0000.4 -01.1 002.0 000.0 000.0 000.0 003.5 000.0 351.8 001.7 075 099
0003.7 -00.5 007.5 000.0 000.0 000.0 006.8 000.0 582.0 004.1 076 088
0005.4 003.0 008.8 000.0 000.0 000.0 008.0 000.0 731.0 001.5 077 074
0003.5 001.3 006.3 000.0 000.0 000.0 005.5 000.0 911.2 006.2 078 088
0003.1 000.7 005.6 000.0 000.0 000.0 007.8 000.0 704.1 004.2 079 084
0004.1 001.0 007.4 000.0 000.0 000.0 005.4 000.0 1149.7  000.0 080 076
0002.9 -01.1 006.7 000.0 000.0 000.0 005.0 000.0 1249.9  000.5 081 075
0007.1 003.6 010.9 000.0 000.0 000.0 005.5 000.0 1332.1  000.1 082 078
0009.2 003.9 014.6 000.0 000.0 000.0 005.3 000.0 1439.8  000.0 083 068
0005.9 002.1 008.5 000.0 000.0 000.0 008.2 000.0 757.4 008.0 084 083
0004.6 002.2 008.2 000.0 000.0 000.0 006.9 000.0 1146.5  001.1 085 077
0002.0 -00.7 005.0 000.0 000.0 000.0 006.0 000.0 795.8 013.4 086 086
-000.3 -01.3 001.5 000.0 000.0 000.0 006.6 000.0 786.8 000.4 087 084
0000.5 -01.0 003.1 000.0 000.0 000.0 003.4 000.0 882.5 000.3 088 080
0002.0 -02.2 006.7 000.0 000.0 000.0 003.3 000.0 1561.5  000.0 089 070
0003.0 -01.7 008.1 000.0 000.0 000.0 003.7 000.0 1176.5  002.0 090 083
0007.0 003.1 010.3 000.0 000.0 000.0 006.0 000.0 1520.1  000.3 091 077
0009.7 004.9 016.7 000.0 000.0 000.0 007.4 000.0 915.7 000.9 092 076
0009.5 007.3 011.6 000.0 000.0 000.0 006.6 000.0 626.6 000.0 093 081
0006.6 001.9 009.2 000.0 000.0 000.0 006.4 000.0 1378.1  003.1 094 073
0004.2 -01.1 008.6 000.0 000.0 000.0 003.0 000.0 1806.4  000.0 095 072
0008.5 005.7 011.6 000.0 000.0 000.0 005.7 000.0 609.5 001.1 096 083
0007.0 004.7 009.9 000.0 000.0 000.0 008.0 000.0 411.5 005.8 097 085
0004.2 003.0 005.9 000.0 000.0 000.0 008.1 000.0 1031.2  000.3 098 067
0003.5 -00.3 006.8 000.0 000.0 000.0 004.7 000.0 1376.5  000.0 099 064
0004.7 -01.2 008.7 000.0 000.0 000.0 001.4 000.0 1797.0  000.0 100 065
0004.5 002.3 006.3 000.0 000.0 000.0 000.8 000.0 855.1 000.4 101 090
0005.7 001.8 008.9 000.0 000.0 000.0 002.4 000.0 846.4 000.0 102 088
0003.2 000.3 006.0 000.0 000.0 000.0 003.6 000.0 683.3 000.0 103 089
0006.4 -01.4 013.6 000.0 000.0 000.0 002.9 000.0 2121.8  000.0 104 072
0005.8 000.1 014.7 000.0 000.0 000.0 001.9 000.0 1121.2  011.8 105 084
0004.0 001.0 008.0 000.0 000.0 000.0 003.3 000.0 804.8 003.1 106 090
0003.1 000.8 006.0 000.0 000.0 000.0 003.8 000.0 1028.7  003.9 107 093
0007.4 003.5 012.6 000.0 000.0 000.0 005.1 000.0 885.9 013.2 108 090
0005.2 001.8 008.3 000.0 000.0 000.0 002.2 000.0 856.7 003.0 109 083
0005.2 002.9 007.6 000.0 000.0 000.0 003.5 000.0 812.0 009.8 110 089
0005.4 001.5 008.3 000.0 000.0 000.0 003.0 000.0 1258.4  000.0 111 087
0016.0 004.5 025.9 000.0 000.0 000.0 004.8 000.0 2287.6  000.0 112 062
0019.5 012.9 026.5 000.0 000.0 000.0 005.3 000.0 2261.9  000.0 113 050
0017.3 012.3 022.0 000.0 000.0 000.0 004.9 000.0 2209.1  000.0 114 062
0016.7 010.3 023.0 000.0 000.0 000.0 004.6 000.0 2360.3  000.0 115 059
0011.7 006.3 018.1 000.0 000.0 000.0 003.5 000.0 2166.7  000.0 116 080
0006.7 005.2 008.1 000.0 000.0 000.0 003.5 000.0 724.4 000.0 117 096
0007.0 004.1 008.8 000.0 000.0 000.0 003.9 000.0 796.9 000.0 118 076
0006.5 -01.1 012.4 000.0 000.0 000.0 001.9 000.0 2408.0  000.0 119 065
0009.9 002.6 016.3 000.0 000.0 000.0 002.8 000.0 2329.0  000.0 120 064
0010.6 006.7 015.4 000.0 000.0 000.0 002.9 000.0 2315.9  000.0 121 061
0008.9 002.1 014.8 000.0 000.0 000.0 001.8 000.0 2610.4  000.0 122 059
0011.7 002.2 019.1 000.0 000.0 000.0 001.2 000.0 2505.1  000.0 123 062
0014.8 007.3 020.9 000.0 000.0 000.0 003.0 000.0 2253.2  000.0 124 061
0015.4 007.8 022.6 000.0 000.0 000.0 002.4 000.0 2262.4  000.0 125 072
0014.9 009.7 020.3 000.0 000.0 000.0 003.7 000.0 2438.2  000.0 126 062
0010.7 006.1 015.7 000.0 000.0 000.0 003.5 000.0 1954.7  000.0 127 074
0011.9 007.7 017.3 000.0 000.0 000.0 002.6 000.0 1150.4  002.7 128 085
0008.7 005.9 012.2 000.0 000.0 000.0 004.3 000.0 923.0 005.9 129 089
0007.4 003.7 010.7 000.0 000.0 000.0 001.7 000.0 1504.6  000.0 130 082
0007.6 002.2 012.3 000.0 000.0 000.0 002.0 000.0 1752.1  000.0 131 077
0008.1 001.9 012.8 000.0 000.0 000.0 002.8 000.0 1013.2  003.5 132 088
0007.1 005.6 009.5 000.0 000.0 000.0 005.9 000.0 156.7 013.3 133 098
0007.6 005.5 010.5 000.0 000.0 000.0 006.8 000.0 1069.5  000.0 134 069
0008.2 002.8 012.6 000.0 000.0 000.0 003.8 000.0 2071.9  000.0 135 069
0010.3 005.3 014.5 000.0 000.0 000.0 001.5 000.0 1661.5  000.2 136 070
0011.5 008.1 015.6 000.0 000.0 000.0 003.3 000.0 804.2 001.1 137 091
0010.9 007.8 013.4 000.0 000.0 000.0 003.8 000.0 1005.0  007.3 138 082
0008.5 005.3 011.8 000.0 000.0 000.0 003.0 000.0 1764.8  000.5 139 077
0010.4 003.9 015.2 000.0 000.0 000.0 001.3 000.0 1960.6  000.0 140 066
0009.1 002.7 013.6 000.0 000.0 000.0 002.8 000.0 2290.0  000.0 141 071
0009.3 001.1 016.3 000.0 000.0 000.0 002.1 000.0 2930.2  000.0 142 066
0013.3 004.2 020.1 000.0 000.0 000.0 001.6 000.0 2440.9  000.0 143 063
0016.0 007.8 022.7 000.0 000.0 000.0 002.7 000.0 2838.4  000.0 144 058
0016.7 008.4 023.6 000.0 000.0 000.0 002.4 000.0 2922.5  000.0 145 059
0018.2 009.1 025.5 000.0 000.0 000.0 002.2 000.0 2466.2  000.0 146 067
0020.3 015.0 027.6 000.0 000.0 000.0 003.8 000.0 2070.0  000.8 147 077
0018.1 012.8 024.1 000.0 000.0 000.0 002.8 000.0 2600.6  000.0 148 072
0020.6 012.6 027.1 000.0 000.0 000.0 003.2 000.0 2738.8  000.0 149 070
0016.7 015.4 018.6 000.0 000.0 000.0 002.4 000.0 834.8 016.0 150 097
0014.9 013.7 016.5 000.0 000.0 000.0 002.1 000.0 556.0 003.0 151 098
0014.1 010.7 016.7 000.0 000.0 000.0 002.0 000.0 537.5 000.4 152 099
0010.0 008.1 010.7 000.0 000.0 000.0 003.9 000.0 506.2 020.6 153 098
0013.1 007.0 018.5 000.0 000.0 000.0 001.7 000.0 2092.6  000.0 154 076
0014.9 010.5 021.2 000.0 000.0 000.0 001.7 000.0 1857.5  000.2 155 084
0016.0 010.4 020.8 000.0 000.0 000.0 001.6 000.0 2486.8  002.0 156 078
0014.6 012.4 017.8 000.0 000.0 000.0 000.7 000.0 976.0 007.7 157 095
0015.0 012.6 018.7 000.0 000.0 000.0 001.4 000.0 1243.9  006.9 158 089
0013.3 009.8 017.0 000.0 000.0 000.0 002.8 000.0 2365.6  002.2 159 076
0010.4 008.5 011.8 000.0 000.0 000.0 001.0 000.0 734.8 006.2 160 097
0013.2 006.5 018.8 000.0 000.0 000.0 001.3 000.0 1952.0  000.2 161 081
0011.2 008.2 013.9 000.0 000.0 000.0 001.2 000.0 737.7 012.0 162 096
0012.8 009.3 016.1 000.0 000.0 000.0 000.7 000.0 1337.1  002.9 163 089
0011.5 009.7 012.6 000.0 000.0 000.0 003.4 000.0 433.9 028.5 164 099
0014.3 008.8 018.9 000.0 000.0 000.0 002.7 000.0 2355.8  000.0 165 077
0011.7 009.4 014.0 000.0 000.0 000.0 000.8 000.0 844.0 001.7 166 092
0012.4 008.4 018.0 000.0 000.0 000.0 002.2 000.0 1778.9  002.9 167 086
0012.9 009.4 017.8 000.0 000.0 000.0 002.8 000.0 1556.0  002.0 168 083
0014.2 011.3 017.2 000.0 000.0 000.0 003.3 000.0 1373.2  001.7 169 091
0014.3 008.1 019.3 000.0 000.0 000.0 003.2 000.0 2411.7  000.0 170 071
0018.3 009.8 023.9 000.0 000.0 000.0 001.1 000.0 2192.5  000.0 171 075
0017.7 012.9 021.4 000.0 000.0 000.0 001.8 000.0 1219.8  020.8 172 095
0010.7 008.7 012.7 000.0 000.0 000.0 003.6 000.0 1181.6  002.6 173 091
0011.8 007.9 014.3 000.0 000.0 000.0 002.1 000.0 888.9 000.0 174 093
0015.1 011.5 019.0 000.0 000.0 000.0 003.1 000.0 1943.2  001.7 175 083
0017.7 013.6 022.0 000.0 000.0 000.0 003.8 000.0 2715.8  000.0 176 073
0018.2 013.0 022.9 000.0 000.0 000.0 003.7 000.0 2986.8  000.0 177 075
0018.4 012.5 024.6 000.0 000.0 000.0 002.9 000.0 2950.6  000.0 178 070
0017.0 009.7 023.2 000.0 000.0 000.0 001.4 000.0 3007.3  000.0 179 063
0019.8 014.2 025.7 000.0 000.0 000.0 003.1 000.0 3001.5  000.0 180 065
0018.1 013.1 024.6 000.0 000.0 000.0 002.6 000.0 2806.4  000.0 181 073
0016.9 009.5 021.5 000.0 000.0 000.0 002.8 000.0 2637.0  000.0 182 070
0015.5 007.1 021.3 000.0 000.0 000.0 001.6 000.0 2314.6  000.4 183 073
0017.8 014.4 021.5 000.0 000.0 000.0 003.3 000.0 1451.6  007.0 184 089
0015.2 011.5 017.2 000.0 000.0 000.0 004.7 000.0 1891.6  000.1 185 072
0014.4 010.8 018.0 000.0 000.0 000.0 003.9 000.0 2052.4  000.0 186 069
0016.9 010.9 022.1 000.0 000.0 000.0 001.6 000.0 2118.2  000.0 187 070
0020.5 012.3 027.0 000.0 000.0 000.0 001.0 000.0 2790.8  000.0 188 066
0022.4 014.8 029.1 000.0 000.0 000.0 001.3 000.0 2777.3  000.0 189 067
0023.9 015.8 031.1 000.0 000.0 000.0 001.8 000.0 2731.3  000.0 190 068
0021.9 016.4 029.3 000.0 000.0 000.0 002.8 000.0 2437.6  000.0 191 079
0021.0 015.6 027.7 000.0 000.0 000.0 002.7 000.0 2401.6  000.0 192 080
0023.4 016.9 030.0 000.0 000.0 000.0 001.8 000.0 2753.9  000.0 193 073
0023.3 017.7 031.9 000.0 000.0 000.0 001.4 000.0 2372.3  004.8 194 077
0022.8 017.1 028.1 000.0 000.0 000.0 000.8 000.0 2322.2  000.1 195 078
0021.4 018.2 025.7 000.0 000.0 000.0 001.7 000.0 1953.5  001.0 196 085
0019.9 016.1 024.9 000.0 000.0 000.0 002.2 000.0 1624.6  015.0 197 085
0018.2 015.1 023.0 000.0 000.0 000.0 002.7 000.0 2067.5  000.9 198 082
0018.1 015.5 021.0 000.0 000.0 000.0 002.5 000.0 1343.0  005.2 199 086
0019.6 015.6 023.4 000.0 000.0 000.0 003.2 000.0 2005.9  000.1 200 079
0020.1 014.5 025.0 000.0 000.0 000.0 001.8 000.0 2485.9  000.0 201 077
0024.6 015.9 031.9 000.0 000.0 000.0 001.7 000.0 2628.8  000.0 202 068
0021.0 016.8 023.6 000.0 000.0 000.0 002.7 000.0 1369.5  000.6 203 077
0016.2 010.7 019.5 000.0 000.0 000.0 001.8 000.0 2213.8  000.0 204 070
0017.6 009.2 024.2 000.0 000.0 000.0 001.2 000.0 2477.8  000.0 205 065
0017.3 011.8 022.5 000.0 000.0 000.0 001.5 000.0 2614.9  000.0 206 070
0017.9 009.4 025.3 000.0 000.0 000.0 001.7 000.0 2782.0  000.0 207 062
0020.9 012.6 027.9 000.0 000.0 000.0 002.7 000.0 2655.8  000.0 208 059
0021.0 014.7 028.4 000.0 000.0 000.0 001.1 000.0 2301.7  000.0 209 065
0021.8 013.4 029.0 000.0 000.0 000.0 001.5 000.0 2678.6  000.0 210 060
0023.0 014.1 030.6 000.0 000.0 000.0 001.3 000.0 2570.4  000.0 211 061
0022.2 015.9 028.5 000.0 000.0 000.0 002.3 000.0 2558.6  000.0 212 065
0020.6 014.6 026.0 000.0 000.0 000.0 002.5 000.0 2675.9  000.0 213 065
0019.2 013.6 025.1 000.0 000.0 000.0 001.7 000.0 2453.5  000.0 214 065
0019.9 010.1 027.7 000.0 000.0 000.0 001.9 000.0 2349.9  000.0 215 062
0019.1 015.9 023.5 000.0 000.0 000.0 002.0 000.0 1210.4  004.9 216 085
0019.9 014.6 025.8 000.0 000.0 000.0 001.0 000.0 2249.3  000.0 217 070
0020.2 011.8 027.8 000.0 000.0 000.0 001.0 000.0 2547.7  000.0 218 063
0020.3 014.4 026.0 000.0 000.0 000.0 002.5 000.0 2465.3  000.0 219 062
0017.6 011.5 022.8 000.0 000.0 000.0 003.0 000.0 2348.8  000.0 220 062
0015.9 006.6 023.2 000.0 000.0 000.0 001.1 000.0 2590.6  000.0 221 058
0018.7 009.2 026.9 000.0 000.0 000.0 001.7 000.0 2417.5  000.0 222 056
0019.1 010.0 027.2 000.0 000.0 000.0 001.2 000.0 2408.1  000.0 223 065
0020.4 011.4 028.6 000.0 000.0 000.0 001.2 000.0 2474.3  000.0 224 056
0021.9 011.9 030.5 000.0 000.0 000.0 001.7 000.0 1960.5  000.0 225 054
0019.5 013.3 022.6 000.0 000.0 000.0 001.9 000.0 915.5 000.0 226 071
0016.7 011.5 020.2 000.0 000.0 000.0 002.1 000.0 1440.6  001.6 227 074
0018.0 013.0 023.2 000.0 000.0 000.0 001.3 000.0 1749.5  000.0 228 077
0018.9 011.5 026.1 000.0 000.0 000.0 000.7 000.0 2219.0  000.0 229 070
0021.4 013.4 027.8 000.0 000.0 000.0 001.2 000.0 1911.7  000.0 230 064
0022.9 014.4 030.0 000.0 000.0 000.0 001.2 000.0 2079.2  000.0 231 060
0023.1 015.2 030.0 000.0 000.0 000.0 001.3 000.0 2030.5  000.0 232 059
0021.5 014.2 028.1 000.0 000.0 000.0 001.9 000.0 1916.7  000.0 233 069
0021.0 013.5 028.5 000.0 000.0 000.0 001.8 000.0 2251.3  000.0 234 057
0022.6 014.3 031.4 000.0 000.0 000.0 001.8 000.0 1777.4  000.0 235 062
0020.5 016.3 025.5 000.0 000.0 000.0 002.3 000.0 1588.9  000.0 236 076
0019.5 013.5 024.5 000.0 000.0 000.0 003.0 000.0 1820.6  001.4 237 066
0017.0 014.5 019.0 000.0 000.0 000.0 004.1 000.0 1006.0  002.8 238 076
0013.6 010.6 017.0 000.0 000.0 000.0 003.1 000.0 1099.4  001.6 239 084
0011.7 009.7 014.2 000.0 000.0 000.0 001.7 000.0 774.7 000.4 240 092
0010.9 008.2 014.8 000.0 000.0 000.0 002.9 000.0 905.8 011.5 241 095
0011.6 007.9 015.4 000.0 000.0 000.0 002.9 000.0 1293.2  000.0 242 074
0010.8 008.7 012.5 000.0 000.0 000.0 003.8 000.0 332.6 024.4 243 093
0012.7 010.7 015.3 000.0 000.0 000.0 004.0 000.0 531.2 017.0 244 094
0012.9 010.5 016.6 000.0 000.0 000.0 001.7 000.0 1039.6  003.1 245 088
0013.5 010.9 015.6 000.0 000.0 000.0 003.2 000.0 653.8 000.1 246 087
0013.9 011.6 016.4 000.0 000.0 000.0 005.3 000.0 797.2 000.3 247 080
0013.5 010.0 018.8 000.0 000.0 000.0 002.9 000.0 1115.2  000.8 248 089
0013.8 007.9 021.1 000.0 000.0 000.0 000.8 000.0 1294.5  000.0 249 080
0015.1 007.5 023.4 000.0 000.0 000.0 001.6 000.0 1892.7  000.0 250 072
0013.9 011.0 017.4 000.0 000.0 000.0 002.5 000.0 712.7 000.1 251 095
0014.8 012.5 018.0 000.0 000.0 000.0 002.5 000.0 499.3 003.3 252 092
0015.6 011.1 020.1 000.0 000.0 000.0 002.2 000.0 1537.6  000.0 253 079
0015.0 010.1 020.8 000.0 000.0 000.0 001.7 000.0 817.5 000.5 254 087
0016.0 012.0 021.0 000.0 000.0 000.0 002.1 000.0 1636.6  000.0 255 078
0017.2 011.8 023.0 000.0 000.0 000.0 002.3 000.0 1377.2  000.1 256 079
0015.7 013.2 017.8 000.0 000.0 000.0 002.5 000.0 440.2 000.1 257 094
0014.1 010.8 017.2 000.0 000.0 000.0 001.5 000.0 730.4 000.0 258 087
0014.1 009.7 018.4 000.0 000.0 000.0 001.2 000.0 1126.9  000.0 259 082
0013.5 007.9 019.6 000.0 000.0 000.0 001.1 000.0 1436.7  000.0 260 084
0013.4 009.2 018.2 000.0 000.0 000.0 003.2 000.0 1201.4  000.0 261 088
0010.9 008.8 013.1 000.0 000.0 000.0 002.8 000.0 428.2 000.0 262 091
0010.5 009.0 012.5 000.0 000.0 000.0 003.0 000.0 140.0 012.8 263 099
0012.3 006.2 015.8 000.0 000.0 000.0 002.4 000.0 1272.5  000.0 264 082
0011.0 004.3 017.2 000.0 000.0 000.0 001.7 000.0 1388.3  000.0 265 084
0013.6 011.0 016.5 000.0 000.0 000.0 002.3 000.0 711.2 000.1 266 091
0014.6 011.9 019.0 000.0 000.0 000.0 003.0 000.0 1065.4  000.0 267 084
0013.8 009.9 018.7 000.0 000.0 000.0 002.5 000.0 1275.1  000.0 268 082
0013.5 010.8 016.8 000.0 000.0 000.0 004.8 000.0 629.5 006.0 269 085
0011.0 009.0 012.5 000.0 000.0 000.0 003.3 000.0 337.0 006.4 270 099
0007.9 005.2 011.2 000.0 000.0 000.0 006.8 000.0 1192.7  001.4 271 078
0006.0 004.0 009.2 000.0 000.0 000.0 004.7 000.0 745.4 002.3 272 092
0005.7 003.2 010.8 000.0 000.0 000.0 004.1 000.0 1089.3  000.2 273 087
0006.7 002.2 011.1 000.0 000.0 000.0 003.2 000.0 1171.7  001.3 274 080
0011.3 006.7 016.3 000.0 000.0 000.0 002.9 000.0 1341.7  000.0 275 085
0011.9 004.6 019.7 000.0 000.0 000.0 001.3 000.0 1080.5  000.0 276 083
0016.4 012.7 021.4 000.0 000.0 000.0 002.5 000.0 967.7 000.0 277 088
0015.6 010.9 021.7 000.0 000.0 000.0 001.8 000.0 906.5 000.1 278 086
0014.7 012.0 018.1 000.0 000.0 000.0 000.6 000.0 895.7 000.5 279 088
0015.6 011.7 020.4 000.0 000.0 000.0 002.0 000.0 949.6 000.0 280 086
0016.1 012.7 019.8 000.0 000.0 000.0 001.6 000.0 578.9 001.5 281 091
0014.8 008.9 023.7 000.0 000.0 000.0 000.4 000.0 1135.3  000.1 282 086
0015.3 008.4 025.2 000.0 000.0 000.0 000.3 000.0 1143.4  000.0 283 087
0013.2 009.9 020.0 000.0 000.0 000.0 000.2 000.0 759.6 000.2 284 096
0012.6 010.2 014.0 000.0 000.0 000.0 001.4 000.0 292.3 000.2 285 099
0014.6 014.0 016.0 000.0 000.0 000.0 000.3 000.0 228.7 000.0 286 098
0013.7 012.5 015.4 000.0 000.0 000.0 000.4 000.0 239.4 000.0 287 096
0013.1 010.1 016.4 000.0 000.0 000.0 001.5 000.0 710.0 000.0 288 086
0011.5 006.3 016.0 000.0 000.0 000.0 000.5 000.0 664.7 000.0 289 094
0012.3 010.3 013.5 000.0 000.0 000.0 002.0 000.0 414.1 000.0 290 097
0011.8 008.3 016.1 000.0 000.0 000.0 004.3 000.0 497.0 000.8 291 087
0010.4 006.6 013.4 000.0 000.0 000.0 005.5 000.0 594.4 000.1 292 080
0010.4 006.7 012.6 000.0 000.0 000.0 005.3 000.0 317.9 001.4 293 089
0005.5 000.1 010.2 000.0 000.0 000.0 003.0 000.0 945.0 000.0 294 083
0003.8 -01.8 010.7 000.0 000.0 000.0 001.8 000.0 903.8 000.0 295 081
0005.3 -00.6 012.7 000.0 000.0 000.0 002.0 000.0 811.6 000.0 296 084
0007.8 001.9 016.6 000.0 000.0 000.0 001.4 000.0 924.6 000.0 297 077
0009.4 001.8 015.6 000.0 000.0 000.0 002.8 000.0 886.4 000.0 298 070
0006.9 003.2 011.1 000.0 000.0 000.0 001.6 000.0 591.0 000.0 299 099
0013.5 007.3 017.8 000.0 000.0 000.0 003.7 000.0 616.6 001.3 300 078
0010.1 004.4 013.7 000.0 000.0 000.0 002.8 000.0 756.8 000.1 301 086
0004.9 001.4 010.2 000.0 000.0 000.0 001.1 000.0 637.3 000.0 302 095
0005.6 000.2 009.7 000.0 000.0 000.0 000.8 000.0 335.7 000.1 303 096
0004.4 -00.4 009.3 000.0 000.0 000.0 003.8 000.0 639.3 004.8 304 096
0007.1 004.3 009.1 000.0 000.0 000.0 004.2 000.0 280.9 002.5 305 095
0003.0 000.8 004.4 000.0 000.0 000.0 003.4 000.0 426.1 001.7 306 092
0002.3 -00.4 005.4 000.0 000.0 000.0 005.1 000.0 406.5 004.0 307 093
0000.9 -00.2 002.3 000.0 000.0 000.0 005.2 000.0 363.3 003.5 308 092
0000.2 -01.9 002.8 000.0 000.0 000.0 003.3 000.0 842.3 000.0 309 078
0002.4 -01.0 006.6 000.0 000.0 000.0 005.3 000.0 121.9 004.8 310 093
0003.4 -02.4 006.8 000.0 000.0 000.0 002.1 000.0 742.0 002.7 311 080
-000.6 -04.4 003.8 000.0 000.0 000.0 000.7 000.0 651.4 000.0 312 088
0002.7 000.3 004.2 000.0 000.0 000.0 001.1 000.0 148.7 000.4 313 098
0005.9 003.4 009.3 000.0 000.0 000.0 001.6 000.0 215.1 000.0 314 099
0004.1 002.3 006.8 000.0 000.0 000.0 002.5 000.0 312.9 000.0 315 098
0003.4 -01.4 006.8 000.0 000.0 000.0 003.6 000.0 369.7 000.0 316 089
-001.7 -04.0 000.2 000.0 000.0 000.0 001.3 000.0 508.7 000.0 317 098
0002.0 -00.6 004.0 000.0 000.0 000.0 001.1 000.0 105.5 000.0 318 098
0007.4 005.1 008.8 000.0 000.0 000.0 004.1 000.0 374.6 000.0 319 091
0008.6 006.9 010.0 000.0 000.0 000.0 004.9 000.0 333.7 001.2 320 095
0003.0 -01.8 009.1 000.0 000.0 000.0 006.4 000.0 464.7 000.3 321 070
-001.1 -02.9 001.3 000.0 000.0 000.0 005.4 000.0 429.1 000.0 322 083
0001.7 -00.3 003.9 000.0 000.0 000.0 004.4 000.0 392.2 002.4 323 095
-001.1 -04.5 002.3 000.0 000.0 000.0 003.0 000.0 659.6 000.0 324 090
-003.8 -06.9 001.3 000.0 000.0 000.0 001.2 000.0 562.9 000.0 325 095
-003.6 -06.5 000.5 000.0 000.0 000.0 001.9 000.0 609.6 000.0 326 089
0000.7 -03.1 003.5 000.0 000.0 000.0 003.4 000.0 130.7 000.0 327 098
0004.0 000.0 006.1 000.0 000.0 000.0 004.4 000.0 181.8 000.0 328 097
-000.7 -02.4 003.2 000.0 000.0 000.0 000.8 000.0 367.4 000.0 329 099
-001.8 -03.6 001.4 000.0 000.0 000.0 001.1 000.0 429.7 000.0 330 099
-002.4 -04.6 000.1 000.0 000.0 000.0 001.6 000.0 449.3 000.0 331 097
-001.4 -03.3 000.7 000.0 000.0 000.0 003.1 000.0 097.2 000.0 332 099
0000.0 -01.0 000.6 000.0 000.0 000.0 003.4 000.0 076.0 000.0 333 099
-002.5 -03.9 -01.2 000.0 000.0 000.0 002.7 000.0 120.3 000.0 334 097
-004.4 -06.3 -02.2 000.0 000.0 000.0 002.7 000.0 394.4 000.0 335 093
-002.8 -03.5 -02.1 000.0 000.0 000.0 003.2 000.0 097.3 000.0 336 091
-003.2 -05.2 -01.2 000.0 000.0 000.0 002.5 000.0 230.1 000.0 337 095
-002.2 -04.3 -01.0 000.0 000.0 000.0 003.8 000.0 135.5 000.0 338 081
-005.7 -07.9 -03.4 000.0 000.0 000.0 005.6 000.0 366.7 000.0 339 074
-006.9 -08.2 -05.0 000.0 000.0 000.0 005.7 000.0 189.2 000.0 340 087
-004.3 -05.1 -02.9 000.0 000.0 000.0 005.5 000.0 096.7 003.7 341 094
-002.0 -03.1 -00.4 000.0 000.0 000.0 001.6 000.0 328.0 000.0 342 099
-001.7 -02.1 -01.0 000.0 000.0 000.0 001.0 000.0 095.7 000.0 343 099
-000.2 -00.9 000.1 000.0 000.0 000.0 002.9 000.0 126.2 000.3 344 099
0001.0 -00.3 002.3 000.0 000.0 000.0 003.7 000.0 157.7 000.2 345 099
0000.5 -00.6 001.6 000.0 000.0 000.0 003.5 000.0 135.8 000.0 346 088
-001.1 -01.3 -00.7 000.0 000.0 000.0 000.4 000.0 124.1 000.1 347 099
-001.0 -05.5 000.7 000.0 000.0 000.0 002.6 000.0 146.7 000.0 348 093
-006.6 -07.5 -05.6 000.0 000.0 000.0 000.8 000.0 377.8 000.0 349 097
-007.2 -08.8 -06.0 000.0 000.0 000.0 002.8 000.0 217.1 000.0 350 098
-006.4 -08.9 -04.0 000.0 000.0 000.0 000.5 000.0 114.2 000.0 351 099
-002.4 -03.8 -01.6 000.0 000.0 000.0 000.5 000.0 104.5 000.0 352 099
-001.1 -02.6 000.4 000.0 000.0 000.0 002.7 000.0 115.8 000.0 353 099
-001.5 -07.1 001.1 000.0 000.0 000.0 002.8 000.0 187.8 000.0 354 090
-007.5 -10.1 -03.9 000.0 000.0 000.0 001.6 000.0 377.8 000.0 355 095
-005.4 -10.9 003.2 000.0 000.0 000.0 002.0 000.0 152.2 008.9 356 098
0005.8 002.4 007.8 000.0 000.0 000.0 006.0 000.0 159.7 004.4 357 099
-001.5 -05.3 001.7 000.0 000.0 000.0 002.2 000.0 117.5 000.4 358 095
-003.1 -06.4 -00.9 000.0 000.0 000.0 003.1 000.0 093.1 000.6 359 098
-003.6 -09.2 -00.3 000.0 000.0 000.0 002.8 000.0 297.9 000.1 360 096
-008.8 -12.1 -06.8 000.0 000.0 000.0 000.0 000.0 307.9 000.0 361 098
-008.0 -10.0 -06.7 000.0 000.0 000.0 001.2 000.0 123.3 000.0 362 099
-011.1 -13.8 -09.1 000.0 000.0 000.0 000.5 000.0 285.6 000.0 363 096
-014.2 -17.3 -10.6 000.0 000.0 000.0 002.1 000.0 309.0 000.0 364 094
-012.8 -15.0 -10.6 000.0 000.0 000.0 005.2 000.0 221.5 000.0 365 091
