Tp_av Tpmin Tpmax T_s10 T_s20 vappd wind  sundu   radia  prec tagesnummer  RF
C_deg C_deg C_deg C_deg C_deg  mm_Hg  m/se  hours J/cm² mm  jday  %
50    ----- ----- ----- ----- -----  02 m  ----- ------ -- - -
-018.4 -21.1 -14.3 000.0 000.0 000.0 000.5 000.0 411.5 000.0 001 090
-018.0 -21.4 -13.4 000.0 000.0 000.0 000.6 000.0 408.2 000.0 002 089
-009.6 -14.4 -06.9 000.0 000.0 000.0 003.6 000.0 170.3 000.0 003 095
-009.3 -12.1 -06.0 000.0 000.0 000.0 003.9 000.0 295.2 000.0 004 085
-010.7 -17.2 -06.7 000.0 000.0 000.0 001.4 000.0 215.8 000.0 005 094
-005.8 -07.6 -04.3 000.0 000.0 000.0 001.4 000.0 161.9 000.0 006 099
-006.3 -07.2 -05.2 000.0 000.0 000.0 000.6 000.0 204.1 000.0 007 099
-007.1 -07.7 -06.1 000.0 000.0 000.0 001.9 000.0 141.4 000.0 008 099
-005.7 -06.7 -04.8 000.0 000.0 000.0 002.0 000.0 208.6 000.0 009 095
-008.0 -12.0 -06.2 000.0 000.0 000.0 001.7 000.0 438.5 000.0 010 098
-006.7 -07.9 -05.8 000.0 000.0 000.0 001.4 000.0 165.1 000.0 011 099
-006.5 -08.1 -03.8 000.0 000.0 000.0 000.9 000.0 254.0 000.0 012 099
-000.7 -05.1 001.4 000.0 000.0 000.0 004.5 000.0 189.5 000.0 013 095
0001.8 -00.4 005.1 000.0 000.0 000.0 003.2 000.0 456.5 000.0 014 090
-001.0 -04.8 003.6 000.0 000.0 000.0 001.9 000.0 487.2 000.0 015 089
-002.8 -06.0 001.8 000.0 000.0 000.0 001.5 000.0 503.0 000.0 016 092
-005.2 -08.3 -01.3 000.0 000.0 000.0 000.8 000.0 467.5 000.0 017 097
-000.6 -07.1 002.7 000.0 000.0 000.0 003.4 000.0 158.3 000.0 018 090
0001.4 -00.9 002.5 000.0 000.0 000.0 001.7 000.0 140.6 000.0 019 099
-000.2 -01.1 000.3 000.0 000.0 000.0 000.9 000.0 106.0 001.9 020 099
0000.1 -01.2 002.2 000.0 000.0 000.0 001.4 000.0 442.3 000.0 021 096
0000.8 -01.0 003.4 000.0 000.0 000.0 002.8 000.0 451.8 000.0 022 089
0003.4 002.0 005.7 000.0 000.0 000.0 003.6 000.0 316.7 000.2 023 094
0001.7 -00.8 004.0 000.0 000.0 000.0 001.7 000.0 246.8 000.0 024 097
-000.7 -02.4 000.2 000.0 000.0 000.0 003.2 000.0 184.6 000.0 025 092
-002.9 -05.6 000.1 000.0 000.0 000.0 003.6 000.0 468.6 000.0 026 091
-004.7 -08.5 -01.3 000.0 000.0 000.0 002.5 000.0 527.9 000.0 027 091
0000.1 -04.0 002.5 000.0 000.0 000.0 004.9 000.0 157.7 000.1 028 099
0001.2 000.6 002.2 000.0 000.0 000.0 003.7 000.0 165.2 000.0 029 099
0002.2 001.7 003.0 000.0 000.0 000.0 004.8 000.0 168.7 000.1 030 098
0001.7 -02.0 003.7 000.0 000.0 000.0 004.5 000.0 548.4 000.0 031 074
-002.0 -04.7 002.0 000.0 000.0 000.0 002.8 000.0 800.5 000.0 032 076
-003.2 -06.8 001.7 000.0 000.0 000.0 001.6 000.0 776.0 000.0 033 082
-002.9 -07.6 000.1 000.0 000.0 000.0 002.6 000.0 319.4 009.2 034 096
0001.2 -00.4 002.7 000.0 000.0 000.0 006.1 000.0 361.0 000.6 035 088
0001.9 -00.1 004.1 000.0 000.0 000.0 005.0 000.0 336.0 000.1 036 088
0001.4 -00.7 004.0 000.0 000.0 000.0 004.8 000.0 465.8 000.0 037 092
0004.0 001.4 007.7 000.0 000.0 000.0 006.2 000.0 707.7 000.0 038 073
0004.2 001.5 006.8 000.0 000.0 000.0 005.2 000.0 836.3 000.0 039 073
0003.7 -00.9 007.7 000.0 000.0 000.0 004.6 000.0 496.6 000.0 040 086
0007.7 005.6 010.8 000.0 000.0 000.0 005.5 000.0 717.1 000.8 041 079
0005.5 003.4 007.6 000.0 000.0 000.0 007.9 000.0 624.2 001.0 042 069
0004.0 002.0 008.1 000.0 000.0 000.0 003.7 000.0 309.5 004.3 043 094
0006.9 003.5 008.9 000.0 000.0 000.0 006.1 000.0 344.7 010.0 044 090
0003.6 001.4 005.4 000.0 000.0 000.0 007.8 000.0 470.6 001.0 045 080
-000.3 -01.1 001.1 000.0 000.0 000.0 001.2 000.0 271.9 000.4 046 094
-002.7 -05.9 -01.1 000.0 000.0 000.0 001.3 000.0 299.5 000.1 047 090
-003.2 -06.3 000.6 000.0 000.0 000.0 003.5 000.0 665.8 000.0 048 080
0001.0 -04.1 004.7 000.0 000.0 000.0 005.0 000.0 235.7 005.7 049 096
0003.4 001.9 006.2 000.0 000.0 000.0 006.1 000.0 564.3 000.0 050 077
0004.6 000.4 006.8 000.0 000.0 000.0 007.5 000.0 522.4 003.5 051 072
0006.8 004.5 009.6 000.0 000.0 000.0 007.6 000.0 195.7 000.9 052 077
0007.1 002.6 010.8 000.0 000.0 000.0 005.8 000.0 680.6 000.0 053 078
0009.1 006.5 012.8 000.0 000.0 000.0 004.3 000.0 914.9 000.0 054 078
0009.4 005.9 013.3 000.0 000.0 000.0 005.9 000.0 609.8 001.4 055 083
0009.9 005.8 012.8 000.0 000.0 000.0 008.1 000.0 367.6 025.9 056 081
0006.4 004.3 008.4 000.0 000.0 000.0 006.0 000.0 502.7 006.6 057 091
0003.4 000.2 006.0 000.0 000.0 000.0 004.2 000.0 852.8 000.0 058 071
0006.0 000.0 012.2 000.0 000.0 000.0 005.7 000.0 1096.6  000.0 059 069
0008.3 006.5 011.9 000.0 000.0 000.0 004.8 000.0 886.5 000.0 060 069
0011.5 006.7 018.3 000.0 000.0 000.0 006.8 000.0 1150.4  000.2 061 071
0006.7 004.9 009.6 000.0 000.0 000.0 006.5 000.0 1142.9  000.0 062 062
0004.9 000.3 010.0 000.0 000.0 000.0 003.8 000.0 1316.9  000.0 063 067
0004.9 -02.2 012.7 000.0 000.0 000.0 001.0 000.0 1256.7  000.0 064 071
0005.9 000.6 010.1 000.0 000.0 000.0 002.8 000.0 399.2 000.0 065 087
0003.9 -01.9 010.9 000.0 000.0 000.0 001.4 000.0 1396.5  000.0 066 076
0006.0 -01.4 012.0 000.0 000.0 000.0 001.5 000.0 870.7 000.0 067 077
0005.3 001.0 010.0 000.0 000.0 000.0 001.0 000.0 1024.4  000.0 068 089
0004.1 -02.4 013.6 000.0 000.0 000.0 001.3 000.0 1139.4  000.0 069 086
0006.6 000.1 014.8 000.0 000.0 000.0 001.9 000.0 1253.9  000.0 070 081
0003.8 001.3 006.3 000.0 000.0 000.0 001.5 000.0 395.6 000.0 071 095
0005.0 000.3 008.8 000.0 000.0 000.0 004.3 000.0 235.7 000.0 072 096
0008.6 007.6 009.9 000.0 000.0 000.0 005.7 000.0 436.4 000.0 073 083
0008.0 004.2 009.9 000.0 000.0 000.0 005.5 000.0 386.6 003.2 074 095
0002.6 000.4 004.8 000.0 000.0 000.0 003.1 000.0 1043.8  000.0 075 071
0000.3 -02.3 004.0 000.0 000.0 000.0 001.8 000.0 935.9 000.6 076 073
0000.2 -04.4 003.7 000.0 000.0 000.0 003.2 000.0 1221.2  000.0 077 061
-001.0 -02.8 000.9 000.0 000.0 000.0 004.5 000.0 390.0 005.0 078 097
-002.7 -08.0 000.6 000.0 000.0 000.0 002.1 000.0 1180.7  000.0 079 076
-001.5 -06.8 002.4 000.0 000.0 000.0 002.4 000.0 1344.6  000.0 080 082
0000.0 -02.4 002.9 000.0 000.0 000.0 001.9 000.0 944.8 000.1 081 091
0000.2 -04.5 004.8 000.0 000.0 000.0 003.3 000.0 1251.2  000.0 082 079
0001.5 -02.0 005.8 000.0 000.0 000.0 004.2 000.0 1459.6  000.0 083 068
0001.8 -01.3 006.1 000.0 000.0 000.0 003.5 000.0 1510.0  000.0 084 068
0004.2 -03.1 010.3 000.0 000.0 000.0 003.6 000.0 1491.6  000.9 085 072
0009.4 007.8 011.2 000.0 000.0 000.0 007.7 000.0 1325.6  000.2 086 061
0005.9 003.2 008.4 000.0 000.0 000.0 007.8 000.0 869.2 009.8 087 084
0004.2 000.8 006.3 000.0 000.0 000.0 005.7 000.0 680.9 000.0 088 077
0004.3 -00.3 009.2 000.0 000.0 000.0 004.4 000.0 1818.3  000.0 089 084
0008.3 004.5 012.5 000.0 000.0 000.0 004.6 000.0 1523.3  000.0 090 077
0009.5 003.3 015.6 000.0 000.0 000.0 003.9 000.0 1894.1  000.0 091 070
0008.2 004.1 012.0 000.0 000.0 000.0 003.1 000.0 924.0 000.0 092 078
0007.7 003.1 013.4 000.0 000.0 000.0 005.4 000.0 1085.5  003.0 093 083
0003.8 001.3 007.6 000.0 000.0 000.0 006.3 000.0 1434.8  000.0 094 075
0002.3 -00.6 007.4 000.0 000.0 000.0 005.2 000.0 577.0 009.4 095 095
0001.6 -00.8 005.0 000.0 000.0 000.0 005.2 000.0 1281.7  002.0 096 082
0001.8 -02.4 006.2 000.0 000.0 000.0 003.3 000.0 1917.8  000.0 097 062
0002.7 -03.6 007.8 000.0 000.0 000.0 002.3 000.0 1285.7  000.0 098 057
0007.2 003.2 012.6 000.0 000.0 000.0 003.1 000.0 855.7 000.0 099 057
0008.5 006.5 010.5 000.0 000.0 000.0 006.0 000.0 1298.1  000.0 100 065
0005.9 003.2 008.1 000.0 000.0 000.0 008.8 000.0 1061.8  001.1 101 069
0002.7 -02.7 006.2 000.0 000.0 000.0 004.2 000.0 1388.7  000.0 102 065
0003.6 -03.4 008.1 000.0 000.0 000.0 003.6 000.0 1591.4  000.0 103 063
0006.7 003.4 009.5 000.0 000.0 000.0 006.4 000.0 410.4 001.3 104 087
0002.2 -00.9 005.7 000.0 000.0 000.0 005.1 000.0 1334.4  001.2 105 072
0003.1 -00.9 007.1 000.0 000.0 000.0 004.3 000.0 1852.0  000.0 106 066
0006.3 003.1 011.5 000.0 000.0 000.0 003.7 000.0 1211.5  000.0 107 056
0005.3 001.8 010.4 000.0 000.0 000.0 004.1 000.0 638.5 000.1 108 079
0003.0 000.4 006.2 000.0 000.0 000.0 002.7 000.0 1720.6  000.0 109 073
0002.0 -03.3 006.3 000.0 000.0 000.0 001.6 000.0 1799.0  000.0 110 066
0003.1 -04.0 009.7 000.0 000.0 000.0 002.5 000.0 2072.8  000.0 111 061
0005.1 000.4 008.8 000.0 000.0 000.0 003.5 000.0 1501.5  000.0 112 059
0004.7 -00.7 009.9 000.0 000.0 000.0 003.8 000.0 2022.5  000.0 113 060
0010.4 001.8 016.7 000.0 000.0 000.0 006.6 000.0 2111.0  000.0 114 049
0009.3 002.1 012.5 000.0 000.0 000.0 005.2 000.0 1608.6  000.0 115 066
0007.0 -00.2 014.2 000.0 000.0 000.0 003.2 000.0 2404.1  000.0 116 060
0011.4 003.4 018.1 000.0 000.0 000.0 004.3 000.0 1961.8  000.0 117 048
0011.5 009.0 015.5 000.0 000.0 000.0 004.5 000.0 1002.5  009.4 118 092
0011.0 009.2 013.7 000.0 000.0 000.0 004.8 000.0 1122.1  003.0 119 094
0009.4 008.2 010.1 000.0 000.0 000.0 004.3 000.0 292.9 005.9 120 098
0009.5 007.6 012.5 000.0 000.0 000.0 001.6 000.0 950.0 000.0 121 099
0014.2 007.4 020.1 000.0 000.0 000.0 005.1 000.0 1998.3  000.0 122 073
0012.8 007.1 016.2 000.0 000.0 000.0 003.7 000.0 2220.4  000.0 123 064
0013.1 004.5 020.0 000.0 000.0 000.0 002.7 000.0 2333.7  000.0 124 067
0015.2 010.9 019.5 000.0 000.0 000.0 004.0 000.0 1169.6  003.0 125 086
0014.6 010.1 021.9 000.0 000.0 000.0 004.8 000.0 1891.3  015.4 126 079
0006.9 002.3 010.2 000.0 000.0 000.0 004.2 000.0 1945.7  000.1 127 071
0008.6 000.0 013.1 000.0 000.0 000.0 000.3 000.0 1550.0  000.0 128 099
0011.1 003.5 016.5 000.0 000.0 000.0 002.9 000.0 1840.0  000.0 129 070
0011.0 006.4 015.8 000.0 000.0 000.0 003.7 000.0 1850.0  003.0 130 070
0016.4 006.6 022.3 000.0 000.0 000.0 003.1 000.0 2420.0  000.0 131 058
0016.6 010.9 020.5 000.0 000.0 000.0 002.8 000.0 1860.0  000.0 132 063
0016.0 012.4 020.5 000.0 000.0 000.0 003.0 000.0 1844.8  000.0 133 082
0017.7 010.9 025.1 000.0 000.0 000.0 003.7 000.0 2150.0  010.0 134 082
0015.0 012.0 020.4 000.0 000.0 000.0 003.8 000.0 1590.0  000.0 135 080
0019.8 014.4 024.2 000.0 000.0 000.0 003.9 000.0 2339.2  000.0 136 059
0019.4 013.0 026.2 000.0 000.0 000.0 004.8 000.0 2533.2  000.0 137 064
0019.1 013.4 026.6 000.0 000.0 000.0 003.3 000.0 2463.1  000.0 138 066
0016.8 013.2 020.7 000.0 000.0 000.0 002.5 000.0 1337.0  007.2 139 092
0014.6 012.3 018.5 000.0 000.0 000.0 001.6 000.0 1146.8  005.9 140 096
0013.4 009.0 016.1 000.0 000.0 000.0 003.4 000.0 1523.0  014.5 141 089
0008.6 007.4 010.2 000.0 000.0 000.0 002.7 000.0 547.0 000.9 142 094
0008.1 005.0 011.5 000.0 000.0 000.0 002.0 000.0 1173.6  001.1 143 084
0007.5 002.2 012.7 000.0 000.0 000.0 002.4 000.0 2388.8  000.0 144 069
0009.4 -00.3 016.0 000.0 000.0 000.0 001.3 000.0 2856.4  000.0 145 056
0011.1 005.8 015.8 000.0 000.0 000.0 001.6 000.0 1677.0  001.1 146 066
0009.6 007.5 012.1 000.0 000.0 000.0 003.2 000.0 841.8 009.9 147 097
0009.4 003.7 014.1 000.0 000.0 000.0 002.9 000.0 2101.7  000.0 148 075
0009.7 005.1 013.5 000.0 000.0 000.0 004.5 000.0 1409.2  000.1 149 082
0009.0 004.4 012.1 000.0 000.0 000.0 003.8 000.0 1859.5  002.1 150 080
0008.4 001.3 013.6 000.0 000.0 000.0 003.5 000.0 2510.5  000.0 151 067
0010.8 005.6 016.2 000.0 000.0 000.0 002.8 000.0 1351.1  000.3 152 085
0013.0 006.4 018.7 000.0 000.0 000.0 003.1 000.0 3001.2  000.0 153 062
0013.5 006.4 019.5 000.0 000.0 000.0 001.5 000.0 2542.9  000.0 154 066
0016.5 009.0 021.5 000.0 000.0 000.0 002.2 000.0 2424.5  000.0 155 061
0018.1 009.4 023.5 000.0 000.0 000.0 001.2 000.0 2520.0  000.0 156 095
0016.8 009.9 025.2 000.0 000.0 000.0 002.6 000.0 2810.0  002.0 157 058
0019.0 010.4 026.2 000.0 000.0 000.0 002.0 000.0 3090.0  000.0 158 050
0019.7 011.4 025.7 000.0 000.0 000.0 003.2 000.0 2520.0  000.0 159 052
0018.5 013.3 021.9 000.0 000.0 000.0 002.5 000.0 1232.2  000.0 160 073
0017.1 011.6 021.7 000.0 000.0 000.0 002.2 000.0 2745.8  000.0 161 072
0019.0 010.8 025.9 000.0 000.0 000.0 002.4 000.0 2982.5  000.0 162 064
0020.7 011.8 027.0 000.0 000.0 000.0 002.5 000.0 2435.1  000.0 163 059
0019.3 016.3 023.8 000.0 000.0 000.0 001.6 000.0 1669.7  011.9 164 088
0017.8 013.6 022.2 000.0 000.0 000.0 002.6 000.0 1748.4  008.2 165 090
0015.0 012.1 018.0 000.0 000.0 000.0 004.1 000.0 1561.2  000.3 166 086
0012.6 008.4 015.6 000.0 000.0 000.0 003.6 000.0 1840.1  000.0 167 070
0013.0 006.9 018.7 000.0 000.0 000.0 002.8 000.0 2955.4  000.0 168 069
0012.3 007.6 017.4 000.0 000.0 000.0 002.6 000.0 2078.9  000.0 169 079
0014.7 008.8 019.2 000.0 000.0 000.0 001.7 000.0 2681.8  000.0 170 064
0013.4 011.0 016.5 000.0 000.0 000.0 001.4 000.0 1004.0  003.3 171 091
0014.0 011.1 017.7 000.0 000.0 000.0 000.4 000.0 1080.0  000.0 172 099
0016.2 012.0 020.6 000.0 000.0 000.0 003.3 000.0 1080.0  013.0 173 085
0014.6 010.4 019.0 000.0 000.0 000.0 003.7 000.0 1822.9  003.9 174 082
0013.3 010.9 016.3 000.0 000.0 000.0 004.8 000.0 1358.3  002.1 175 085
0011.8 007.4 015.7 000.0 000.0 000.0 002.6 000.0 1478.6  000.0 176 075
0013.9 006.5 019.4 000.0 000.0 000.0 002.8 000.0 1086.5  001.9 177 085
0015.8 013.1 018.9 000.0 000.0 000.0 001.3 000.0 1045.4  010.1 178 096
0019.9 014.9 024.7 000.0 000.0 000.0 001.1 000.0 2314.8  000.5 179 073
0023.9 016.3 031.0 000.0 000.0 000.0 003.8 000.0 2544.0  000.6 180 072
0021.2 015.1 027.1 000.0 000.0 000.0 002.0 000.0 1537.5  000.3 181 080
0016.5 013.1 019.8 000.0 000.0 000.0 002.1 000.0 1458.4  000.0 182 080
0018.4 011.1 024.5 000.0 000.0 000.0 002.2 000.0 2531.5  000.0 183 070
0018.3 013.7 025.5 000.0 000.0 000.0 001.8 000.0 1557.5  002.2 184 081
0017.2 012.7 022.1 000.0 000.0 000.0 001.7 000.0 1527.2  001.8 185 089
0017.2 013.1 021.8 000.0 000.0 000.0 002.6 000.0 2217.4  000.1 186 076
0015.8 012.2 018.1 000.0 000.0 000.0 004.1 000.0 1177.4  000.0 187 075
0018.5 013.4 023.2 000.0 000.0 000.0 004.4 000.0 2554.3  000.0 188 070
0018.4 012.9 023.4 000.0 000.0 000.0 003.5 000.0 2698.2  000.0 189 067
0017.0 010.8 021.3 000.0 000.0 000.0 002.1 000.0 1957.3  000.0 190 080
0018.2 012.2 023.5 000.0 000.0 000.0 001.7 000.0 2631.8  000.0 191 062
0017.2 010.1 023.6 000.0 000.0 000.0 001.2 000.0 2505.2  000.2 192 071
0017.5 011.6 023.2 000.0 000.0 000.0 001.7 000.0 2681.8  000.0 193 069
0016.5 009.8 022.0 000.0 000.0 000.0 001.3 000.0 2691.8  000.0 194 065
0017.6 009.2 023.8 000.0 000.0 000.0 001.0 000.0 2674.1  000.0 195 065
0017.7 012.5 024.1 000.0 000.0 000.0 001.0 000.0 1478.9  001.0 196 078
0018.0 014.6 023.4 000.0 000.0 000.0 001.3 000.0 1608.9  006.9 197 081
0017.5 013.8 021.7 000.0 000.0 000.0 001.4 000.0 1471.6  017.5 198 088
0015.5 014.9 016.5 000.0 000.0 000.0 002.9 000.0 333.1 017.0 199 099
0016.9 014.0 019.9 000.0 000.0 000.0 003.2 000.0 1513.9  009.8 200 084
0015.7 014.8 017.1 000.0 000.0 000.0 003.6 000.0 335.9 047.6 201 099
0016.3 015.7 018.2 000.0 000.0 000.0 003.4 000.0 310.1 005.4 202 099
0022.0 016.0 025.6 000.0 000.0 000.0 001.9 000.0 1325.9  000.0 203 063
0017.9 012.2 023.8 000.0 000.0 000.0 000.8 000.0 2247.0  000.0 204 081
0019.2 014.6 024.3 000.0 000.0 000.0 001.0 000.0 1876.8  000.1 205 081
0019.2 014.5 024.7 000.0 000.0 000.0 001.1 000.0 1977.5  000.0 206 074
0018.4 015.3 022.6 000.0 000.0 000.0 002.9 000.0 1796.8  018.4 207 084
0019.2 012.7 024.6 000.0 000.0 000.0 004.0 000.0 1857.6  000.1 208 073
0017.7 014.2 022.0 000.0 000.0 000.0 003.9 000.0 2323.1  000.0 209 070
0017.5 013.2 022.7 000.0 000.0 000.0 002.1 000.0 1814.8  000.6 210 078
0018.4 011.9 024.0 000.0 000.0 000.0 001.0 000.0 2408.0  000.1 211 071
0016.5 012.3 019.4 000.0 000.0 000.0 002.3 000.0 1062.8  004.4 212 086
0014.8 010.3 019.2 000.0 000.0 000.0 002.2 000.0 1854.1  000.0 213 082
0016.6 010.3 022.3 000.0 000.0 000.0 000.7 000.0 1997.6  000.0 214 077
0019.2 011.4 025.6 000.0 000.0 000.0 000.6 000.0 2191.6  000.0 215 073
0019.6 014.3 024.8 000.0 000.0 000.0 000.7 000.0 1574.6  009.7 216 083
0018.9 014.3 024.0 000.0 000.0 000.0 001.7 000.0 2515.9  000.0 217 076
0018.5 013.8 024.2 000.0 000.0 000.0 001.3 000.0 1649.5  007.0 218 087
0018.3 014.5 024.1 000.0 000.0 000.0 001.6 000.0 1677.9  000.0 219 087
0020.2 014.3 026.3 000.0 000.0 000.0 001.2 000.0 2270.6  000.0 220 076
0020.6 014.7 026.9 000.0 000.0 000.0 000.9 000.0 2417.2  000.0 221 072
0021.4 014.1 028.0 000.0 000.0 000.0 000.7 000.0 2350.0  000.0 222 072
0021.9 015.3 028.3 000.0 000.0 000.0 001.3 000.0 2231.2  000.0 223 067
0022.0 015.2 028.2 000.0 000.0 000.0 000.9 000.0 2350.3  000.0 224 068
0022.2 014.8 028.8 000.0 000.0 000.0 000.4 000.0 2074.7  000.0 225 068
0023.5 015.9 029.6 000.0 000.0 000.0 001.5 000.0 1855.5  000.0 226 060
0019.4 015.2 024.0 000.0 000.0 000.0 002.8 000.0 1052.3  000.5 227 087
0019.2 013.7 025.6 000.0 000.0 000.0 000.7 000.0 1999.1  000.0 228 079
0019.3 013.4 025.3 000.0 000.0 000.0 000.8 000.0 2255.3  000.0 229 069
0018.7 011.2 025.7 000.0 000.0 000.0 001.4 000.0 2242.0  000.0 230 064
0021.0 014.3 027.7 000.0 000.0 000.0 001.9 000.0 2215.0  000.0 231 065
0020.8 013.9 027.3 000.0 000.0 000.0 002.0 000.0 2158.4  000.0 232 061
0021.1 013.4 028.4 000.0 000.0 000.0 002.5 000.0 2044.6  000.0 233 062
0022.4 014.6 029.7 000.0 000.0 000.0 001.1 000.0 1749.1  000.0 234 067
0021.3 018.8 024.9 000.0 000.0 000.0 001.0 000.0 1177.9  001.4 235 086
0023.1 017.4 030.0 000.0 000.0 000.0 001.0 000.0 1740.5  000.0 236 075
0022.4 015.4 030.1 000.0 000.0 000.0 002.0 000.0 2071.0  000.0 237 060
0022.2 014.7 029.9 000.0 000.0 000.0 002.4 000.0 1955.5  000.0 238 060
0021.4 014.6 029.3 000.0 000.0 000.0 001.0 000.0 1634.9  000.0 239 069
0021.5 015.6 027.9 000.0 000.0 000.0 003.5 000.0 1894.6  000.0 240 066
0015.0 013.1 018.5 000.0 000.0 000.0 003.6 000.0 236.0 037.6 241 097
0015.9 012.9 020.5 000.0 000.0 000.0 003.3 000.0 1200.5  011.6 242 090
0017.3 010.4 024.1 000.0 000.0 000.0 000.4 000.0 2000.9  000.0 243 077
0018.3 012.0 025.2 000.0 000.0 000.0 001.0 000.0 1948.7  000.0 244 075
0019.5 012.7 026.3 000.0 000.0 000.0 001.5 000.0 1767.8  000.0 245 078
0017.9 015.8 020.2 000.0 000.0 000.0 000.6 000.0 499.0 000.0 246 098
0017.5 014.4 020.1 000.0 000.0 000.0 000.6 000.0 466.0 000.0 247 097
0019.9 015.0 025.1 000.0 000.0 000.0 001.0 000.0 1740.7  000.0 248 076
0016.9 013.5 020.8 000.0 000.0 000.0 002.5 000.0 1089.1  003.2 249 080
0015.1 010.9 018.5 000.0 000.0 000.0 004.2 000.0 1098.6  000.0 250 078
0016.6 014.2 020.4 000.0 000.0 000.0 006.1 000.0 1114.8  000.0 251 077
0013.7 009.5 016.9 000.0 000.0 000.0 007.0 000.0 1272.2  000.7 252 075
0012.0 009.3 015.4 000.0 000.0 000.0 005.6 000.0 1063.6  000.0 253 073
0012.1 008.5 016.7 000.0 000.0 000.0 002.3 000.0 943.2 000.0 254 085
0016.6 010.2 023.8 000.0 000.0 000.0 001.1 000.0 1339.6  002.0 255 075
0013.7 009.0 017.6 000.0 000.0 000.0 003.5 000.0 1066.7  002.9 256 080
0011.5 007.3 016.3 000.0 000.0 000.0 004.1 000.0 1400.0  000.0 257 074
0012.5 007.1 018.4 000.0 000.0 000.0 003.3 000.0 1472.5  000.0 258 075
0017.2 009.0 022.4 000.0 000.0 000.0 003.1 000.0 1730.9  000.0 259 052
0016.0 011.7 021.0 000.0 000.0 000.0 003.5 000.0 1238.8  000.0 260 064
0012.0 007.2 016.9 000.0 000.0 000.0 001.0 000.0 1063.4  000.0 261 084
0010.6 004.6 014.7 000.0 000.0 000.0 002.2 000.0 1587.1  000.0 262 073
0008.3 003.1 014.0 000.0 000.0 000.0 002.8 000.0 1291.2  000.0 263 078
0008.5 003.1 014.4 000.0 000.0 000.0 002.2 000.0 1461.0  000.0 264 079
0010.3 005.5 016.4 000.0 000.0 000.0 002.4 000.0 1325.7  000.0 265 080
0010.7 007.1 013.2 000.0 000.0 000.0 003.5 000.0 574.7 000.0 266 085
0011.0 005.3 017.6 000.0 000.0 000.0 001.3 000.0 1453.2  000.0 267 078
0012.5 006.4 019.7 000.0 000.0 000.0 001.8 000.0 1439.3  000.0 268 075
0011.6 005.2 019.2 000.0 000.0 000.0 001.0 000.0 1282.6  000.0 269 083
0011.6 004.9 016.7 000.0 000.0 000.0 001.4 000.0 1079.2  000.0 270 081
0008.8 001.7 017.0 000.0 000.0 000.0 000.3 000.0 1429.4  000.0 271 079
0011.3 002.5 019.9 000.0 000.0 000.0 000.9 000.0 1300.8  000.0 272 074
0013.5 010.2 016.8 000.0 000.0 000.0 003.9 000.0 1011.2  000.9 273 078
0011.4 006.5 014.6 000.0 000.0 000.0 003.2 000.0 1005.9  002.7 274 081
0010.9 009.1 013.3 000.0 000.0 000.0 007.5 000.0 912.4 000.2 275 069
0009.5 007.9 011.7 000.0 000.0 000.0 004.0 000.0 604.3 000.2 276 091
0012.7 009.7 014.9 000.0 000.0 000.0 004.8 000.0 312.8 000.0 277 085
0014.7 014.0 016.0 000.0 000.0 000.0 004.4 000.0 334.2 000.7 278 092
0015.1 011.3 020.5 000.0 000.0 000.0 001.1 000.0 776.3 000.1 279 086
0015.5 009.5 021.0 000.0 000.0 000.0 002.1 000.0 538.1 000.0 280 080
0015.5 011.2 018.9 000.0 000.0 000.0 003.5 000.0 758.1 000.0 281 077
0017.8 015.5 021.4 000.0 000.0 000.0 006.1 000.0 468.8 001.1 282 081
0013.4 010.4 015.8 000.0 000.0 000.0 004.8 000.0 304.4 006.8 283 089
0010.6 007.5 013.2 000.0 000.0 000.0 006.7 000.0 519.5 001.4 284 080
0008.5 006.5 011.4 000.0 000.0 000.0 002.9 000.0 587.6 000.0 285 090
0008.3 006.3 011.9 000.0 000.0 000.0 003.6 000.0 846.1 000.3 286 087
0005.6 000.2 009.6 000.0 000.0 000.0 002.4 000.0 738.6 006.1 287 088
0004.4 000.6 008.2 000.0 000.0 000.0 002.1 000.0 536.6 000.3 288 094
0003.6 -00.8 008.7 000.0 000.0 000.0 001.9 000.0 1024.0  000.0 289 083
0005.6 -01.4 010.8 000.0 000.0 000.0 001.6 000.0 910.0 000.0 290 078
0011.0 008.1 016.1 000.0 000.0 000.0 002.4 000.0 764.0 000.0 291 074
0011.4 006.6 018.3 000.0 000.0 000.0 001.4 000.0 910.9 000.0 292 087
0007.8 001.0 010.5 000.0 000.0 000.0 002.8 000.0 484.5 000.0 293 079
0002.2 -02.7 008.3 000.0 000.0 000.0 001.2 000.0 987.1 000.0 294 071
0002.3 -02.8 006.9 000.0 000.0 000.0 001.9 000.0 517.9 000.1 295 074
0006.3 003.7 009.2 000.0 000.0 000.0 004.2 000.0 668.6 001.4 296 077
0003.2 000.6 007.4 000.0 000.0 000.0 004.1 000.0 893.8 000.0 297 077
0001.4 -00.9 003.5 000.0 000.0 000.0 003.4 000.0 169.4 009.3 298 095
-000.7 -03.3 003.4 000.0 000.0 000.0 001.7 000.0 578.4 000.4 299 095
-000.2 -02.9 004.5 000.0 000.0 000.0 002.7 000.0 898.5 000.0 300 085
0000.2 -04.4 005.2 000.0 000.0 000.0 001.6 000.0 904.6 000.0 301 080
0003.3 000.8 005.3 000.0 000.0 000.0 003.9 000.0 319.8 001.8 302 083
0004.2 001.7 007.2 000.0 000.0 000.0 000.5 000.0 246.5 000.0 303 090
0003.6 002.1 004.3 000.0 000.0 000.0 001.4 000.0 170.4 000.0 304 095
0002.3 -00.4 005.9 000.0 000.0 000.0 001.7 000.0 652.4 000.0 305 090
0003.0 000.3 005.9 000.0 000.0 000.0 003.5 000.0 124.6 001.0 306 097
0003.3 -00.9 005.9 000.0 000.0 000.0 003.9 000.0 698.1 000.4 307 082
0000.0 -02.9 003.3 000.0 000.0 000.0 002.7 000.0 672.6 000.0 308 077
0001.4 -01.4 004.4 000.0 000.0 000.0 003.7 000.0 175.4 000.2 309 082
0005.5 003.2 007.9 000.0 000.0 000.0 001.8 000.0 188.3 003.5 310 094
0009.8 006.6 015.3 000.0 000.0 000.0 002.3 000.0 298.2 001.2 311 087
0006.8 003.6 009.2 000.0 000.0 000.0 000.4 000.0 253.3 000.0 312 094
0007.3 003.6 010.2 000.0 000.0 000.0 001.9 000.0 406.8 000.1 313 090
0008.2 006.0 012.1 000.0 000.0 000.0 003.2 000.0 339.7 000.8 314 083
0006.9 003.9 011.6 000.0 000.0 000.0 000.9 000.0 460.1 000.0 315 089
0004.1 001.0 006.1 000.0 000.0 000.0 001.5 000.0 161.8 000.0 316 098
0005.5 004.2 006.8 000.0 000.0 000.0 003.3 000.0 139.3 000.1 317 096
0004.6 003.4 005.7 000.0 000.0 000.0 001.0 000.0 093.1 000.0 318 096
0003.3 001.0 005.3 000.0 000.0 000.0 002.0 000.0 190.0 006.9 319 095
0003.0 -00.5 005.1 000.0 000.0 000.0 002.4 000.0 212.0 000.1 320 095
0005.2 003.7 006.3 000.0 000.0 000.0 001.9 000.0 129.3 000.1 321 092
0001.3 -01.1 003.3 000.0 000.0 000.0 002.6 000.0 339.0 000.1 322 079
-001.5 -04.2 000.5 000.0 000.0 000.0 002.5 000.0 276.6 000.3 323 088
-000.4 -01.6 001.4 000.0 000.0 000.0 003.3 000.0 440.1 000.3 324 088
-000.5 -01.9 000.5 000.0 000.0 000.0 001.3 000.0 104.2 003.0 325 096
0000.3 -00.5 000.9 000.0 000.0 000.0 001.2 000.0 108.3 001.2 326 094
-001.0 -01.9 -00.4 000.0 000.0 000.0 001.0 000.0 087.7 000.0 327 095
-001.2 -01.8 -00.7 000.0 000.0 000.0 001.2 000.0 062.0 016.0 328 094
-000.4 -01.1 000.3 000.0 000.0 000.0 002.8 000.0 086.6 001.8 329 093
-000.7 -03.1 000.8 000.0 000.0 000.0 001.9 000.0 085.1 000.0 330 096
-002.9 -04.5 -01.3 000.0 000.0 000.0 002.3 000.0 198.4 000.1 331 097
-001.8 -02.7 -01.0 000.0 000.0 000.0 003.3 000.0 051.7 000.0 332 092
0001.0 -00.9 003.6 000.0 000.0 000.0 002.3 000.0 067.0 002.0 333 097
0005.0 003.6 007.0 000.0 000.0 000.0 000.2 000.0 167.2 000.1 334 098
0001.7 -00.3 003.8 000.0 000.0 000.0 001.2 000.0 053.5 005.7 335 098
-000.3 -03.0 001.8 000.0 000.0 000.0 002.0 000.0 428.3 000.0 336 092
0001.0 -00.2 002.9 000.0 000.0 000.0 004.3 000.0 076.3 000.0 337 090
0001.1 -00.5 003.0 000.0 000.0 000.0 004.0 000.0 090.1 000.1 338 093
-001.0 -02.8 000.3 000.0 000.0 000.0 003.0 000.0 251.2 000.7 339 090
0001.1 -00.9 002.8 000.0 000.0 000.0 003.9 000.0 125.2 002.6 340 092
0004.4 000.7 006.5 000.0 000.0 000.0 002.6 000.0 062.8 004.6 341 098
0004.1 002.5 005.2 000.0 000.0 000.0 002.5 000.0 179.0 000.1 342 095
0003.4 000.2 005.4 000.0 000.0 000.0 002.3 000.0 233.1 000.0 343 093
0006.0 002.8 008.6 000.0 000.0 000.0 004.5 000.0 049.4 013.7 344 097
0008.6 007.1 009.4 000.0 000.0 000.0 004.0 000.0 144.6 009.6 345 089
0006.8 004.7 008.5 000.0 000.0 000.0 003.0 000.0 058.8 002.1 346 096
0003.4 002.5 004.5 000.0 000.0 000.0 004.5 000.0 058.0 000.7 347 089
0001.9 000.5 003.2 000.0 000.0 000.0 003.1 000.0 143.0 002.5 348 095
-002.6 -05.5 000.2 000.0 000.0 000.0 004.4 000.0 070.8 000.2 349 077
-009.9 -12.0 -06.7 000.0 000.0 000.0 005.7 000.0 355.3 000.0 350 063
-011.6 -14.2 -09.4 000.0 000.0 000.0 005.9 000.0 375.2 000.0 351 058
-007.1 -09.9 -04.0 000.0 000.0 000.0 003.3 000.0 325.1 000.0 352 079
-003.9 -06.6 -01.2 000.0 000.0 000.0 001.6 000.0 203.6 000.4 353 094
-002.0 -03.6 -01.1 000.0 000.0 000.0 001.1 000.0 152.3 000.0 354 098
0000.1 -01.2 000.4 000.0 000.0 000.0 003.0 000.0 034.9 000.3 355 098
0000.3 -00.3 001.0 000.0 000.0 000.0 000.2 000.0 106.8 000.0 356 098
0000.1 -00.4 000.5 000.0 000.0 000.0 000.4 000.0 044.0 000.0 357 098
0001.7 -00.3 004.8 000.0 000.0 000.0 002.0 000.0 136.4 000.0 358 098
0007.7 005.2 009.4 000.0 000.0 000.0 004.9 000.0 327.7 007.3 359 087
0008.5 006.8 010.1 000.0 000.0 000.0 007.0 000.0 263.9 000.3 360 070
0005.4 004.6 006.3 000.0 000.0 000.0 004.7 000.0 079.1 001.1 361 093
0003.9 002.4 005.1 000.0 000.0 000.0 002.4 000.0 112.7 000.0 362 097
0002.8 002.3 003.7 000.0 000.0 000.0 002.4 000.0 129.7 001.9 363 096
0002.0 -00.3 003.6 000.0 000.0 000.0 001.5 000.0 218.9 000.0 364 096
0002.7 -01.0 006.2 000.0 000.0 000.0 002.4 000.0 268.1 000.0 365 087
